experimentPhase	trialnum	subject	task	noisePercent	answerPos0	answer0	response0	correct0	responsePosRelative0	answerPos1	answer1	response1	correct1	responsePosRelative1	spatialPos	
timingBlips
main	0 	13 	 T1T2 	 0.0 	14 	8 	2 	0.0 	-1013.0 	24 	4 	3 	0.0 	-1023.0 	[6, 0] 	0
main	1 	13 	 T1T2 	 0.0 	14 	1 	1 	1.0 	-1013.0 	16 	5 	1 	0.0 	-1015.0 	[6, 0] 	0
main	2 	13 	 T1T2 	 0.0 	14 	0 	3 	0.0 	-1013.0 	15 	3 	3 	1.0 	-1014.0 	[6, 0] 	0
main	3 	13 	 T1T2 	 0.0 	14 	6 	5 	0.0 	-1013.0 	19 	0 	6 	0.0 	-1018.0 	[6, 0] 	0
main	4 	13 	 T1T2 	 0.0 	14 	1 	1 	1.0 	-1013.0 	22 	4 	4 	1.0 	-1021.0 	[6, 0] 	0
main	5 	13 	 T1T2 	 0.0 	8 	4 	6 	0.0 	-1007.0 	18 	6 	0 	0.0 	-1017.0 	[6, 0] 	7
main	6 	13 	 T1T2 	 0.0 	8 	2 	4 	0.0 	-1007.0 	10 	8 	7 	0.0 	-1009.0 	[6, 0] 	0
main	7 	13 	 T1T2 	 0.0 	8 	0 	4 	0.0 	-1007.0 	9 	7 	7 	1.0 	-1008.0 	[6, 0] 	0
main	8 	13 	 T1T2 	 0.0 	8 	7 	9 	0.0 	-1007.0 	13 	8 	9 	0.0 	-1012.0 	[6, 0] 	0
main	9 	13 	 T1T2 	 0.0 	8 	1 	1 	1.0 	-1007.0 	16 	7 	7 	1.0 	-1015.0 	[6, 0] 	0
main	10 	13 	 T1T2 	 0.0 	6 	6 	6 	1.0 	-1005.0 	16 	8 	8 	1.0 	-1015.0 	[6, 0] 	0
main	11 	13 	 T1T2 	 0.0 	6 	4 	4 	1.0 	-1005.0 	8 	7 	0 	0.0 	-1007.0 	[6, 0] 	0
main	12 	13 	 T1T2 	 0.0 	6 	7 	9 	0.0 	-1005.0 	7 	9 	0 	0.0 	-1006.0 	[6, 0] 	0
main	13 	13 	 T1T2 	 0.0 	6 	7 	4 	0.0 	-1005.0 	11 	4 	7 	0.0 	-1010.0 	[6, 0] 	0
main	14 	13 	 T1T2 	 0.0 	6 	4 	7 	0.0 	-1005.0 	14 	7 	0 	0.0 	-1013.0 	[6, 0] 	0
main	15 	13 	 T1T2 	 0.0 	10 	6 	0 	0.0 	-1009.0 	20 	2 	2 	1.0 	-1019.0 	[6, 0] 	0
main	16 	13 	 T1T2 	 0.0 	10 	9 	9 	1.0 	-1009.0 	12 	8 	2 	0.0 	-1011.0 	[6, 0] 	0
main	17 	13 	 T1T2 	 0.0 	10 	0 	2 	0.0 	-1009.0 	11 	2 	0 	0.0 	-1010.0 	[6, 0] 	0
main	18 	13 	 T1T2 	 0.0 	10 	2 	4 	0.0 	-1009.0 	15 	7 	8 	0.0 	-1014.0 	[6, 0] 	0
main	19 	13 	 T1T2 	 0.0 	10 	0 	1 	0.0 	-1009.0 	18 	7 	1 	0.0 	-1017.0 	[6, 0] 	0
main	20 	13 	 T1T2 	 0.0 	14 	8 	1 	0.0 	-1013.0 	24 	2 	2 	1.0 	-1023.0 	[-2, 0] 	0
main	21 	13 	 T1T2 	 0.0 	14 	3 	3 	1.0 	-1013.0 	16 	5 	4 	0.0 	-1015.0 	[-2, 0] 	0
main	22 	13 	 T1T2 	 0.0 	14 	1 	0 	0.0 	-1013.0 	15 	5 	1 	0.0 	-1014.0 	[-2, 0] 	1
main	23 	13 	 T1T2 	 0.0 	14 	1 	1 	1.0 	-1013.0 	19 	6 	7 	0.0 	-1018.0 	[-2, 0] 	0
main	24 	13 	 T1T2 	 0.0 	14 	4 	4 	1.0 	-1013.0 	22 	7 	7 	1.0 	-1021.0 	[-2, 0] 	0
main	25 	13 	 T1T2 	 0.0 	8 	1 	1 	1.0 	-1007.0 	18 	5 	5 	1.0 	-1017.0 	[-2, 0] 	0
main	26 	13 	 T1T2 	 0.0 	8 	6 	1 	0.0 	-1007.0 	10 	8 	6 	0.0 	-1009.0 	[-2, 0] 	0
main	27 	13 	 T1T2 	 0.0 	8 	6 	6 	1.0 	-1007.0 	9 	8 	7 	0.0 	-1008.0 	[-2, 0] 	0
main	28 	13 	 T1T2 	 0.0 	8 	9 	9 	1.0 	-1007.0 	13 	6 	6 	1.0 	-1012.0 	[-2, 0] 	0
main	29 	13 	 T1T2 	 0.0 	8 	3 	3 	1.0 	-1007.0 	16 	5 	5 	1.0 	-1015.0 	[-2, 0] 	0
main	30 	13 	 T1T2 	 0.0 	6 	2 	2 	1.0 	-1005.0 	16 	0 	0 	1.0 	-1015.0 	[-2, 0] 	0
main	31 	13 	 T1T2 	 0.0 	6 	1 	1 	1.0 	-1005.0 	8 	7 	0 	0.0 	-1007.0 	[-2, 0] 	0
main	32 	13 	 T1T2 	 0.0 	6 	8 	2 	0.0 	-1005.0 	7 	2 	8 	0.0 	-1006.0 	[-2, 0] 	0
main	33 	13 	 T1T2 	 0.0 	6 	5 	9 	0.0 	-1005.0 	11 	9 	7 	0.0 	-1010.0 	[-2, 0] 	0
main	34 	13 	 T1T2 	 0.0 	6 	6 	6 	1.0 	-1005.0 	14 	0 	0 	1.0 	-1013.0 	[-2, 0] 	0
main	35 	13 	 T1T2 	 0.0 	10 	1 	1 	1.0 	-1009.0 	20 	6 	6 	1.0 	-1019.0 	[-2, 0] 	0
main	36 	13 	 T1T2 	 0.0 	10 	0 	0 	1.0 	-1009.0 	12 	9 	0 	0.0 	-1011.0 	[-2, 0] 	0
main	37 	13 	 T1T2 	 0.0 	10 	6 	5 	0.0 	-1009.0 	11 	5 	6 	0.0 	-1010.0 	[-2, 0] 	0
main	38 	13 	 T1T2 	 0.0 	10 	4 	4 	1.0 	-1009.0 	15 	9 	5 	0.0 	-1014.0 	[-2, 0] 	0
main	39 	13 	 T1T2 	 0.0 	10 	8 	8 	1.0 	-1009.0 	18 	9 	9 	1.0 	-1017.0 	[-2, 0] 	0
main	40 	13 	 T1T2 	 0.0 	14 	8 	8 	1.0 	-1013.0 	24 	0 	0 	1.0 	-1023.0 	[-6, 0] 	0
main	41 	13 	 T1T2 	 0.0 	14 	3 	8 	0.0 	-1013.0 	16 	8 	0 	0.0 	-1015.0 	[-6, 0] 	0
main	42 	13 	 T1T2 	 0.0 	14 	8 	4 	0.0 	-1013.0 	15 	4 	5 	0.0 	-1014.0 	[-6, 0] 	0
main	43 	13 	 T1T2 	 0.0 	14 	7 	0 	0.0 	-1013.0 	19 	3 	5 	0.0 	-1018.0 	[-6, 0] 	0
main	44 	13 	 T1T2 	 0.0 	14 	5 	0 	0.0 	-1013.0 	22 	8 	4 	0.0 	-1021.0 	[-6, 0] 	0
main	45 	13 	 T1T2 	 0.0 	8 	0 	0 	1.0 	-1007.0 	18 	2 	2 	1.0 	-1017.0 	[-6, 0] 	0
main	46 	13 	 T1T2 	 0.0 	8 	8 	8 	1.0 	-1007.0 	10 	2 	3 	0.0 	-1009.0 	[-6, 0] 	1
main	47 	13 	 T1T2 	 0.0 	8 	2 	4 	0.0 	-1007.0 	9 	4 	2 	0.0 	-1008.0 	[-6, 0] 	0
main	48 	13 	 T1T2 	 0.0 	8 	5 	5 	1.0 	-1007.0 	13 	7 	1 	0.0 	-1012.0 	[-6, 0] 	0
main	49 	13 	 T1T2 	 0.0 	8 	0 	5 	0.0 	-1007.0 	16 	3 	3 	1.0 	-1015.0 	[-6, 0] 	0
main	50 	13 	 T1T2 	 0.0 	6 	6 	6 	1.0 	-1005.0 	16 	0 	0 	1.0 	-1015.0 	[-6, 0] 	0
main	51 	13 	 T1T2 	 0.0 	6 	7 	0 	0.0 	-1005.0 	8 	1 	1 	1.0 	-1007.0 	[-6, 0] 	0
main	52 	13 	 T1T2 	 0.0 	6 	4 	7 	0.0 	-1005.0 	7 	1 	0 	0.0 	-1006.0 	[-6, 0] 	0
main	53 	13 	 T1T2 	 0.0 	6 	2 	3 	0.0 	-1005.0 	11 	3 	7 	0.0 	-1010.0 	[-6, 0] 	0
main	54 	13 	 T1T2 	 0.0 	6 	1 	1 	1.0 	-1005.0 	14 	6 	4 	0.0 	-1013.0 	[-6, 0] 	0
main	55 	13 	 T1T2 	 0.0 	10 	8 	4 	0.0 	-1009.0 	20 	4 	3 	0.0 	-1019.0 	[-6, 0] 	0
main	56 	13 	 T1T2 	 0.0 	10 	1 	1 	1.0 	-1009.0 	12 	9 	1 	0.0 	-1011.0 	[-6, 0] 	0
main	57 	13 	 T1T2 	 0.0 	10 	8 	6 	0.0 	-1009.0 	11 	6 	8 	0.0 	-1010.0 	[-6, 0] 	0
main	58 	13 	 T1T2 	 0.0 	10 	0 	4 	0.0 	-1009.0 	15 	3 	9 	0.0 	-1014.0 	[-6, 0] 	0
main	59 	13 	 T1T2 	 0.0 	10 	5 	7 	0.0 	-1009.0 	18 	4 	4 	1.0 	-1017.0 	[-6, 0] 	0
main	60 	13 	 T1T2 	 0.0 	14 	8 	4 	0.0 	-1013.0 	24 	3 	3 	1.0 	-1023.0 	[2, 0] 	0
main	61 	13 	 T1T2 	 0.0 	14 	8 	7 	0.0 	-1013.0 	16 	7 	6 	0.0 	-1015.0 	[2, 0] 	0
main	62 	13 	 T1T2 	 0.0 	14 	4 	4 	1.0 	-1013.0 	15 	7 	7 	1.0 	-1014.0 	[2, 0] 	0
main	63 	13 	 T1T2 	 0.0 	14 	1 	1 	1.0 	-1013.0 	19 	7 	7 	1.0 	-1018.0 	[2, 0] 	2
main	64 	13 	 T1T2 	 0.0 	14 	0 	3 	0.0 	-1013.0 	22 	8 	7 	0.0 	-1021.0 	[2, 0] 	0
main	65 	13 	 T1T2 	 0.0 	8 	8 	0 	0.0 	-1007.0 	18 	0 	3 	0.0 	-1017.0 	[2, 0] 	0
main	66 	13 	 T1T2 	 0.0 	8 	4 	7 	0.0 	-1007.0 	10 	0 	1 	0.0 	-1009.0 	[2, 0] 	0
main	67 	13 	 T1T2 	 0.0 	8 	7 	9 	0.0 	-1007.0 	9 	9 	1 	0.0 	-1008.0 	[2, 0] 	0
main	68 	13 	 T1T2 	 0.0 	8 	2 	2 	1.0 	-1007.0 	13 	5 	3 	0.0 	-1012.0 	[2, 0] 	0
main	69 	13 	 T1T2 	 0.0 	8 	5 	3 	0.0 	-1007.0 	16 	9 	2 	0.0 	-1015.0 	[2, 0] 	0
main	70 	13 	 T1T2 	 0.0 	6 	6 	6 	1.0 	-1005.0 	16 	8 	8 	1.0 	-1015.0 	[2, 0] 	0
main	71 	13 	 T1T2 	 0.0 	6 	0 	7 	0.0 	-1005.0 	8 	7 	0 	0.0 	-1007.0 	[2, 0] 	0
main	72 	13 	 T1T2 	 0.0 	6 	5 	0 	0.0 	-1005.0 	7 	8 	8 	1.0 	-1006.0 	[2, 0] 	0
main	73 	13 	 T1T2 	 0.0 	6 	9 	9 	1.0 	-1005.0 	11 	4 	4 	1.0 	-1010.0 	[2, 0] 	0
main	74 	13 	 T1T2 	 0.0 	6 	2 	2 	1.0 	-1005.0 	14 	8 	8 	1.0 	-1013.0 	[2, 0] 	0
main	75 	13 	 T1T2 	 0.0 	10 	6 	6 	1.0 	-1009.0 	20 	5 	0 	0.0 	-1019.0 	[2, 0] 	0
main	76 	13 	 T1T2 	 0.0 	10 	8 	8 	1.0 	-1009.0 	12 	0 	1 	0.0 	-1011.0 	[2, 0] 	0
main	77 	13 	 T1T2 	 0.0 	10 	7 	8 	0.0 	-1009.0 	11 	8 	3 	0.0 	-1010.0 	[2, 0] 	0
main	78 	13 	 T1T2 	 0.0 	10 	7 	7 	1.0 	-1009.0 	15 	5 	4 	0.0 	-1014.0 	[2, 0] 	0
main	79 	13 	 T1T2 	 0.0 	10 	5 	5 	1.0 	-1009.0 	18 	2 	2 	1.0 	-1017.0 	[2, 0] 	0
main	80 	13 	 T1T2 	 0.0 	14 	2 	3 	0.0 	-1013.0 	24 	1 	1 	1.0 	-1023.0 	[6, 0] 	0
main	81 	13 	 T1T2 	 0.0 	14 	1 	4 	0.0 	-1013.0 	16 	4 	2 	0.0 	-1015.0 	[6, 0] 	0
main	82 	13 	 T1T2 	 0.0 	14 	9 	4 	0.0 	-1013.0 	15 	4 	0 	0.0 	-1014.0 	[6, 0] 	0
main	83 	13 	 T1T2 	 0.0 	14 	2 	4 	0.0 	-1013.0 	19 	7 	2 	0.0 	-1018.0 	[6, 0] 	0
main	84 	13 	 T1T2 	 0.0 	14 	0 	0 	1.0 	-1013.0 	22 	3 	3 	1.0 	-1021.0 	[6, 0] 	0
main	85 	13 	 T1T2 	 0.0 	8 	1 	0 	0.0 	-1007.0 	18 	7 	7 	1.0 	-1017.0 	[6, 0] 	0
main	86 	13 	 T1T2 	 0.0 	8 	5 	3 	0.0 	-1007.0 	10 	3 	7 	0.0 	-1009.0 	[6, 0] 	0
main	87 	13 	 T1T2 	 0.0 	8 	2 	5 	0.0 	-1007.0 	9 	5 	0 	0.0 	-1008.0 	[6, 0] 	0
main	88 	13 	 T1T2 	 0.0 	8 	5 	8 	0.0 	-1007.0 	13 	8 	5 	0.0 	-1012.0 	[6, 0] 	0
main	89 	13 	 T1T2 	 0.0 	8 	8 	7 	0.0 	-1007.0 	16 	9 	0 	0.0 	-1015.0 	[6, 0] 	0
main	90 	13 	 T1T2 	 0.0 	6 	6 	8 	0.0 	-1005.0 	16 	4 	9 	0.0 	-1015.0 	[6, 0] 	0
main	91 	13 	 T1T2 	 0.0 	6 	1 	1 	1.0 	-1005.0 	8 	6 	4 	0.0 	-1007.0 	[6, 0] 	0
main	92 	13 	 T1T2 	 0.0 	6 	3 	3 	1.0 	-1005.0 	7 	1 	1 	1.0 	-1006.0 	[6, 0] 	0
main	93 	13 	 T1T2 	 0.0 	6 	5 	2 	0.0 	-1005.0 	11 	9 	3 	0.0 	-1010.0 	[6, 0] 	0
main	94 	13 	 T1T2 	 0.0 	6 	6 	3 	0.0 	-1005.0 	14 	3 	0 	0.0 	-1013.0 	[6, 0] 	0
main	95 	13 	 T1T2 	 0.0 	10 	7 	7 	1.0 	-1009.0 	20 	8 	8 	1.0 	-1019.0 	[6, 0] 	0
main	96 	13 	 T1T2 	 0.0 	10 	4 	4 	1.0 	-1009.0 	12 	7 	0 	0.0 	-1011.0 	[6, 0] 	0
main	97 	13 	 T1T2 	 0.0 	10 	8 	1 	0.0 	-1009.0 	11 	1 	8 	0.0 	-1010.0 	[6, 0] 	0
main	98 	13 	 T1T2 	 0.0 	10 	7 	1 	0.0 	-1009.0 	15 	2 	7 	0.0 	-1014.0 	[6, 0] 	0
main	99 	13 	 T1T2 	 0.0 	10 	0 	0 	1.0 	-1009.0 	18 	5 	7 	0.0 	-1017.0 	[6, 0] 	0
main	100 	13 	 T1T2 	 0.0 	14 	1 	1 	1.0 	-1013.0 	24 	9 	9 	1.0 	-1023.0 	[-2, 0] 	0
main	101 	13 	 T1T2 	 0.0 	14 	9 	9 	1.0 	-1013.0 	16 	8 	2 	0.0 	-1015.0 	[-2, 0] 	0
main	102 	13 	 T1T2 	 0.0 	14 	9 	7 	0.0 	-1013.0 	15 	7 	3 	0.0 	-1014.0 	[-2, 0] 	0
main	103 	13 	 T1T2 	 0.0 	14 	0 	0 	1.0 	-1013.0 	19 	2 	2 	1.0 	-1018.0 	[-2, 0] 	0
main	104 	13 	 T1T2 	 0.0 	14 	9 	9 	1.0 	-1013.0 	22 	5 	5 	1.0 	-1021.0 	[-2, 0] 	0
main	105 	13 	 T1T2 	 0.0 	8 	2 	2 	1.0 	-1007.0 	18 	0 	0 	1.0 	-1017.0 	[-2, 0] 	0
main	106 	13 	 T1T2 	 0.0 	8 	4 	4 	1.0 	-1007.0 	10 	6 	2 	0.0 	-1009.0 	[-2, 0] 	0
main	107 	13 	 T1T2 	 0.0 	8 	2 	9 	0.0 	-1007.0 	9 	9 	2 	0.0 	-1008.0 	[-2, 0] 	0
main	108 	13 	 T1T2 	 0.0 	8 	3 	3 	1.0 	-1007.0 	13 	9 	9 	1.0 	-1012.0 	[-2, 0] 	0
main	109 	13 	 T1T2 	 0.0 	8 	9 	9 	1.0 	-1007.0 	16 	3 	5 	0.0 	-1015.0 	[-2, 0] 	0
main	110 	13 	 T1T2 	 0.0 	6 	5 	5 	1.0 	-1005.0 	16 	6 	6 	1.0 	-1015.0 	[-2, 0] 	0
main	111 	13 	 T1T2 	 0.0 	6 	3 	3 	1.0 	-1005.0 	8 	5 	5 	1.0 	-1007.0 	[-2, 0] 	0
main	112 	13 	 T1T2 	 0.0 	6 	4 	2 	0.0 	-1005.0 	7 	2 	4 	0.0 	-1006.0 	[-2, 0] 	0
main	113 	13 	 T1T2 	 0.0 	6 	5 	5 	1.0 	-1005.0 	11 	2 	2 	1.0 	-1010.0 	[-2, 0] 	0
main	114 	13 	 T1T2 	 0.0 	6 	2 	2 	1.0 	-1005.0 	14 	8 	8 	1.0 	-1013.0 	[-2, 0] 	6
main	115 	13 	 T1T2 	 0.0 	10 	5 	5 	1.0 	-1009.0 	20 	3 	3 	1.0 	-1019.0 	[-2, 0] 	1
main	116 	13 	 T1T2 	 0.0 	10 	0 	5 	0.0 	-1009.0 	12 	5 	6 	0.0 	-1011.0 	[-2, 0] 	0
main	117 	13 	 T1T2 	 0.0 	10 	8 	6 	0.0 	-1009.0 	11 	6 	8 	0.0 	-1010.0 	[-2, 0] 	0
main	118 	13 	 T1T2 	 0.0 	10 	0 	0 	1.0 	-1009.0 	15 	4 	4 	1.0 	-1014.0 	[-2, 0] 	0
main	119 	13 	 T1T2 	 0.0 	10 	9 	9 	1.0 	-1009.0 	18 	6 	6 	1.0 	-1017.0 	[-2, 0] 	0
main	120 	13 	 T1T2 	 0.0 	14 	7 	0 	0.0 	-1013.0 	24 	5 	7 	0.0 	-1023.0 	[-6, 0] 	0
main	121 	13 	 T1T2 	 0.0 	14 	4 	0 	0.0 	-1013.0 	16 	6 	6 	1.0 	-1015.0 	[-6, 0] 	0
main	122 	13 	 T1T2 	 0.0 	14 	3 	1 	0.0 	-1013.0 	15 	1 	8 	0.0 	-1014.0 	[-6, 0] 	0
main	123 	13 	 T1T2 	 0.0 	14 	1 	1 	1.0 	-1013.0 	19 	8 	8 	1.0 	-1018.0 	[-6, 0] 	0
main	124 	13 	 T1T2 	 0.0 	14 	6 	6 	1.0 	-1013.0 	22 	9 	4 	0.0 	-1021.0 	[-6, 0] 	0
main	125 	13 	 T1T2 	 0.0 	8 	4 	7 	0.0 	-1007.0 	18 	7 	0 	0.0 	-1017.0 	[-6, 0] 	0
main	126 	13 	 T1T2 	 0.0 	8 	9 	0 	0.0 	-1007.0 	10 	1 	6 	0.0 	-1009.0 	[-6, 0] 	0
main	127 	13 	 T1T2 	 0.0 	8 	1 	2 	0.0 	-1007.0 	9 	2 	4 	0.0 	-1008.0 	[-6, 0] 	0
main	128 	13 	 T1T2 	 0.0 	8 	3 	3 	1.0 	-1007.0 	13 	4 	4 	1.0 	-1012.0 	[-6, 0] 	0
main	129 	13 	 T1T2 	 0.0 	8 	1 	1 	1.0 	-1007.0 	16 	2 	4 	0.0 	-1015.0 	[-6, 0] 	0
main	130 	13 	 T1T2 	 0.0 	6 	3 	3 	1.0 	-1005.0 	16 	7 	7 	1.0 	-1015.0 	[-6, 0] 	0
main	131 	13 	 T1T2 	 0.0 	6 	3 	3 	1.0 	-1005.0 	8 	5 	9 	0.0 	-1007.0 	[-6, 0] 	0
main	132 	13 	 T1T2 	 0.0 	6 	3 	2 	0.0 	-1005.0 	7 	2 	7 	0.0 	-1006.0 	[-6, 0] 	0
main	133 	13 	 T1T2 	 0.0 	6 	2 	2 	1.0 	-1005.0 	11 	4 	4 	1.0 	-1010.0 	[-6, 0] 	0
main	134 	13 	 T1T2 	 0.0 	6 	1 	1 	1.0 	-1005.0 	14 	6 	3 	0.0 	-1013.0 	[-6, 0] 	0
main	135 	13 	 T1T2 	 0.0 	10 	8 	8 	1.0 	-1009.0 	20 	1 	1 	1.0 	-1019.0 	[-6, 0] 	0
main	136 	13 	 T1T2 	 0.0 	10 	9 	3 	0.0 	-1009.0 	12 	3 	9 	0.0 	-1011.0 	[-6, 0] 	0
main	137 	13 	 T1T2 	 0.0 	10 	1 	1 	1.0 	-1009.0 	11 	8 	8 	1.0 	-1010.0 	[-6, 0] 	0
main	138 	13 	 T1T2 	 0.0 	10 	8 	1 	0.0 	-1009.0 	15 	2 	0 	0.0 	-1014.0 	[-6, 0] 	0
main	139 	13 	 T1T2 	 0.0 	10 	6 	2 	0.0 	-1009.0 	18 	5 	0 	0.0 	-1017.0 	[-6, 0] 	0
main	140 	13 	 T1T2 	 0.0 	14 	0 	3 	0.0 	-1013.0 	24 	1 	7 	0.0 	-1023.0 	[2, 0] 	0
main	141 	13 	 T1T2 	 0.0 	14 	8 	8 	1.0 	-1013.0 	16 	6 	6 	1.0 	-1015.0 	[2, 0] 	0
main	142 	13 	 T1T2 	 0.0 	14 	2 	2 	1.0 	-1013.0 	15 	3 	3 	1.0 	-1014.0 	[2, 0] 	0
main	143 	13 	 T1T2 	 0.0 	14 	4 	4 	1.0 	-1013.0 	19 	2 	5 	0.0 	-1018.0 	[2, 0] 	0
main	144 	13 	 T1T2 	 0.0 	14 	0 	0 	1.0 	-1013.0 	22 	3 	7 	0.0 	-1021.0 	[2, 0] 	0
main	145 	13 	 T1T2 	 0.0 	8 	8 	0 	0.0 	-1007.0 	18 	5 	5 	1.0 	-1017.0 	[2, 0] 	0
main	146 	13 	 T1T2 	 0.0 	8 	0 	6 	0.0 	-1007.0 	10 	1 	2 	0.0 	-1009.0 	[2, 0] 	0
main	147 	13 	 T1T2 	 0.0 	8 	5 	7 	0.0 	-1007.0 	9 	9 	2 	0.0 	-1008.0 	[2, 0] 	0
main	148 	13 	 T1T2 	 0.0 	8 	7 	7 	1.0 	-1007.0 	13 	2 	3 	0.0 	-1012.0 	[2, 0] 	0
main	149 	13 	 T1T2 	 0.0 	8 	2 	2 	1.0 	-1007.0 	16 	7 	9 	0.0 	-1015.0 	[2, 0] 	0
main	150 	13 	 T1T2 	 0.0 	6 	5 	2 	0.0 	-1005.0 	16 	9 	9 	1.0 	-1015.0 	[2, 0] 	0
main	151 	13 	 T1T2 	 0.0 	6 	6 	0 	0.0 	-1005.0 	8 	5 	5 	1.0 	-1007.0 	[2, 0] 	0
main	152 	13 	 T1T2 	 0.0 	6 	9 	9 	1.0 	-1005.0 	7 	0 	4 	0.0 	-1006.0 	[2, 0] 	0
main	153 	13 	 T1T2 	 0.0 	6 	3 	6 	0.0 	-1005.0 	11 	6 	1 	0.0 	-1010.0 	[2, 0] 	0
main	154 	13 	 T1T2 	 0.0 	6 	3 	3 	1.0 	-1005.0 	14 	0 	4 	0.0 	-1013.0 	[2, 0] 	0
main	155 	13 	 T1T2 	 0.0 	10 	5 	5 	1.0 	-1009.0 	20 	0 	4 	0.0 	-1019.0 	[2, 0] 	0
main	156 	13 	 T1T2 	 0.0 	10 	6 	1 	0.0 	-1009.0 	12 	1 	0 	0.0 	-1011.0 	[2, 0] 	0
main	157 	13 	 T1T2 	 0.0 	10 	3 	6 	0.0 	-1009.0 	11 	0 	7 	0.0 	-1010.0 	[2, 0] 	0
main	158 	13 	 T1T2 	 0.0 	10 	7 	7 	1.0 	-1009.0 	15 	0 	1 	0.0 	-1014.0 	[2, 0] 	0
main	159 	13 	 T1T2 	 0.0 	10 	9 	9 	1.0 	-1009.0 	18 	4 	1 	0.0 	-1017.0 	[2, 0] 	0
main	160 	13 	 T1T2 	 0.0 	14 	7 	7 	1.0 	-1013.0 	24 	0 	6 	0.0 	-1023.0 	[6, 0] 	0
main	161 	13 	 T1T2 	 0.0 	14 	0 	8 	0.0 	-1013.0 	16 	8 	6 	0.0 	-1015.0 	[6, 0] 	0
main	162 	13 	 T1T2 	 0.0 	14 	4 	4 	1.0 	-1013.0 	15 	2 	2 	1.0 	-1014.0 	[6, 0] 	0
main	163 	13 	 T1T2 	 0.0 	14 	4 	6 	0.0 	-1013.0 	19 	2 	4 	0.0 	-1018.0 	[6, 0] 	0
main	164 	13 	 T1T2 	 0.0 	14 	3 	3 	1.0 	-1013.0 	22 	2 	5 	0.0 	-1021.0 	[6, 0] 	0
main	165 	13 	 T1T2 	 0.0 	8 	4 	0 	0.0 	-1007.0 	18 	3 	3 	1.0 	-1017.0 	[6, 0] 	0
main	166 	13 	 T1T2 	 0.0 	8 	9 	5 	0.0 	-1007.0 	10 	5 	9 	0.0 	-1009.0 	[6, 0] 	0
main	167 	13 	 T1T2 	 0.0 	8 	6 	3 	0.0 	-1007.0 	9 	2 	2 	1.0 	-1008.0 	[6, 0] 	0
main	168 	13 	 T1T2 	 0.0 	8 	6 	5 	0.0 	-1007.0 	13 	5 	0 	0.0 	-1012.0 	[6, 0] 	0
main	169 	13 	 T1T2 	 0.0 	8 	7 	0 	0.0 	-1007.0 	16 	0 	4 	0.0 	-1015.0 	[6, 0] 	0
main	170 	13 	 T1T2 	 0.0 	6 	1 	1 	1.0 	-1005.0 	16 	2 	4 	0.0 	-1015.0 	[6, 0] 	0
main	171 	13 	 T1T2 	 0.0 	6 	3 	3 	1.0 	-1005.0 	8 	4 	0 	0.0 	-1007.0 	[6, 0] 	0
main	172 	13 	 T1T2 	 0.0 	6 	5 	1 	0.0 	-1005.0 	7 	1 	5 	0.0 	-1006.0 	[6, 0] 	0
main	173 	13 	 T1T2 	 0.0 	6 	7 	4 	0.0 	-1005.0 	11 	5 	7 	0.0 	-1010.0 	[6, 0] 	0
main	174 	13 	 T1T2 	 0.0 	6 	1 	8 	0.0 	-1005.0 	14 	8 	3 	0.0 	-1013.0 	[6, 0] 	0
main	175 	13 	 T1T2 	 0.0 	10 	5 	3 	0.0 	-1009.0 	20 	4 	4 	1.0 	-1019.0 	[6, 0] 	0
main	176 	13 	 T1T2 	 0.0 	10 	2 	2 	1.0 	-1009.0 	12 	6 	3 	0.0 	-1011.0 	[6, 0] 	0
main	177 	13 	 T1T2 	 0.0 	10 	2 	2 	1.0 	-1009.0 	11 	9 	9 	1.0 	-1010.0 	[6, 0] 	0
main	178 	13 	 T1T2 	 0.0 	10 	5 	5 	1.0 	-1009.0 	15 	8 	4 	0.0 	-1014.0 	[6, 0] 	0
main	179 	13 	 T1T2 	 0.0 	10 	3 	6 	0.0 	-1009.0 	18 	5 	7 	0.0 	-1017.0 	[6, 0] 	0
main	180 	13 	 T1T2 	 0.0 	14 	4 	4 	1.0 	-1013.0 	24 	0 	0 	1.0 	-1023.0 	[-2, 0] 	0
main	181 	13 	 T1T2 	 0.0 	14 	9 	7 	0.0 	-1013.0 	16 	0 	9 	0.0 	-1015.0 	[-2, 0] 	0
main	182 	13 	 T1T2 	 0.0 	14 	7 	6 	0.0 	-1013.0 	15 	6 	7 	0.0 	-1014.0 	[-2, 0] 	0
main	183 	13 	 T1T2 	 0.0 	14 	9 	9 	1.0 	-1013.0 	19 	8 	8 	1.0 	-1018.0 	[-2, 0] 	0
main	184 	13 	 T1T2 	 0.0 	14 	8 	8 	1.0 	-1013.0 	22 	1 	1 	1.0 	-1021.0 	[-2, 0] 	0
main	185 	13 	 T1T2 	 0.0 	8 	1 	1 	1.0 	-1007.0 	18 	7 	1 	0.0 	-1017.0 	[-2, 0] 	0
main	186 	13 	 T1T2 	 0.0 	8 	6 	1 	0.0 	-1007.0 	10 	7 	7 	1.0 	-1009.0 	[-2, 0] 	0
main	187 	13 	 T1T2 	 0.0 	8 	0 	8 	0.0 	-1007.0 	9 	8 	0 	0.0 	-1008.0 	[-2, 0] 	0
main	188 	13 	 T1T2 	 0.0 	8 	6 	6 	1.0 	-1007.0 	13 	9 	7 	0.0 	-1012.0 	[-2, 0] 	0
main	189 	13 	 T1T2 	 0.0 	8 	4 	3 	0.0 	-1007.0 	16 	3 	4 	0.0 	-1015.0 	[-2, 0] 	0
main	190 	13 	 T1T2 	 0.0 	6 	8 	9 	0.0 	-1005.0 	16 	9 	7 	0.0 	-1015.0 	[-2, 0] 	0
main	191 	13 	 T1T2 	 0.0 	6 	6 	9 	0.0 	-1005.0 	8 	8 	8 	1.0 	-1007.0 	[-2, 0] 	0
main	192 	13 	 T1T2 	 0.0 	6 	8 	9 	0.0 	-1005.0 	7 	9 	8 	0.0 	-1006.0 	[-2, 0] 	0
main	193 	13 	 T1T2 	 0.0 	6 	6 	5 	0.0 	-1005.0 	11 	5 	6 	0.0 	-1010.0 	[-2, 0] 	0
main	194 	13 	 T1T2 	 0.0 	6 	8 	7 	0.0 	-1005.0 	14 	7 	0 	0.0 	-1013.0 	[-2, 0] 	0
main	195 	13 	 T1T2 	 0.0 	10 	1 	1 	1.0 	-1009.0 	20 	5 	5 	1.0 	-1019.0 	[-2, 0] 	0
main	196 	13 	 T1T2 	 0.0 	10 	9 	9 	1.0 	-1009.0 	12 	6 	7 	0.0 	-1011.0 	[-2, 0] 	0
main	197 	13 	 T1T2 	 0.0 	10 	3 	7 	0.0 	-1009.0 	11 	7 	3 	0.0 	-1010.0 	[-2, 0] 	0
main	198 	13 	 T1T2 	 0.0 	10 	4 	0 	0.0 	-1009.0 	15 	0 	4 	0.0 	-1014.0 	[-2, 0] 	0
main	199 	13 	 T1T2 	 0.0 	10 	4 	3 	0.0 	-1009.0 	18 	3 	1 	0.0 	-1017.0 	[-2, 0] 	0
main	200 	13 	 T1T2 	 0.0 	14 	6 	0 	0.0 	-1013.0 	24 	1 	1 	1.0 	-1023.0 	[-6, 0] 	0
main	201 	13 	 T1T2 	 0.0 	14 	1 	4 	0.0 	-1013.0 	16 	9 	1 	0.0 	-1015.0 	[-6, 0] 	0
main	202 	13 	 T1T2 	 0.0 	14 	5 	2 	0.0 	-1013.0 	15 	2 	3 	0.0 	-1014.0 	[-6, 0] 	0
main	203 	13 	 T1T2 	 0.0 	14 	3 	3 	1.0 	-1013.0 	19 	2 	3 	0.0 	-1018.0 	[-6, 0] 	0
main	204 	13 	 T1T2 	 0.0 	14 	4 	4 	1.0 	-1013.0 	22 	0 	0 	1.0 	-1021.0 	[-6, 0] 	0
main	205 	13 	 T1T2 	 0.0 	8 	0 	1 	0.0 	-1007.0 	18 	2 	3 	0.0 	-1017.0 	[-6, 0] 	11
main	206 	13 	 T1T2 	 0.0 	8 	9 	9 	1.0 	-1007.0 	10 	0 	6 	0.0 	-1009.0 	[-6, 0] 	0
main	207 	13 	 T1T2 	 0.0 	8 	0 	1 	0.0 	-1007.0 	9 	7 	0 	0.0 	-1008.0 	[-6, 0] 	0
main	208 	13 	 T1T2 	 0.0 	8 	0 	6 	0.0 	-1007.0 	13 	7 	5 	0.0 	-1012.0 	[-6, 0] 	0
main	209 	13 	 T1T2 	 0.0 	8 	6 	5 	0.0 	-1007.0 	16 	0 	6 	0.0 	-1015.0 	[-6, 0] 	0
main	210 	13 	 T1T2 	 0.0 	6 	2 	3 	0.0 	-1005.0 	16 	3 	4 	0.0 	-1015.0 	[-6, 0] 	0
main	211 	13 	 T1T2 	 0.0 	6 	2 	3 	0.0 	-1005.0 	8 	6 	4 	0.0 	-1007.0 	[-6, 0] 	0
main	212 	13 	 T1T2 	 0.0 	6 	8 	2 	0.0 	-1005.0 	7 	2 	4 	0.0 	-1006.0 	[-6, 0] 	0
main	213 	13 	 T1T2 	 0.0 	6 	1 	1 	1.0 	-1005.0 	11 	0 	7 	0.0 	-1010.0 	[-6, 0] 	0
main	214 	13 	 T1T2 	 0.0 	6 	4 	7 	0.0 	-1005.0 	14 	5 	0 	0.0 	-1013.0 	[-6, 0] 	0
main	215 	13 	 T1T2 	 0.0 	10 	1 	0 	0.0 	-1009.0 	20 	6 	6 	1.0 	-1019.0 	[-6, 0] 	0
main	216 	13 	 T1T2 	 0.0 	10 	0 	2 	0.0 	-1009.0 	12 	9 	3 	0.0 	-1011.0 	[-6, 0] 	0
main	217 	13 	 T1T2 	 0.0 	10 	0 	0 	1.0 	-1009.0 	11 	9 	7 	0.0 	-1010.0 	[-6, 0] 	0
main	218 	13 	 T1T2 	 0.0 	10 	7 	9 	0.0 	-1009.0 	15 	9 	2 	0.0 	-1014.0 	[-6, 0] 	0
main	219 	13 	 T1T2 	 0.0 	10 	5 	4 	0.0 	-1009.0 	18 	2 	9 	0.0 	-1017.0 	[-6, 0] 	1
main	220 	13 	 T1T2 	 0.0 	14 	4 	4 	1.0 	-1013.0 	24 	2 	0 	0.0 	-1023.0 	[2, 0] 	0
main	221 	13 	 T1T2 	 0.0 	14 	2 	2 	1.0 	-1013.0 	16 	4 	4 	1.0 	-1015.0 	[2, 0] 	0
main	222 	13 	 T1T2 	 0.0 	14 	6 	5 	0.0 	-1013.0 	15 	5 	6 	0.0 	-1014.0 	[2, 0] 	0
main	223 	13 	 T1T2 	 0.0 	14 	9 	6 	0.0 	-1013.0 	19 	6 	5 	0.0 	-1018.0 	[2, 0] 	0
main	224 	13 	 T1T2 	 0.0 	14 	3 	0 	0.0 	-1013.0 	22 	9 	1 	0.0 	-1021.0 	[2, 0] 	0
main	225 	13 	 T1T2 	 0.0 	8 	9 	9 	1.0 	-1007.0 	18 	8 	6 	0.0 	-1017.0 	[2, 0] 	0
main	226 	13 	 T1T2 	 0.0 	8 	8 	9 	0.0 	-1007.0 	10 	6 	4 	0.0 	-1009.0 	[2, 0] 	0
main	227 	13 	 T1T2 	 0.0 	8 	5 	6 	0.0 	-1007.0 	9 	6 	5 	0.0 	-1008.0 	[2, 0] 	0
main	228 	13 	 T1T2 	 0.0 	8 	6 	6 	1.0 	-1007.0 	13 	8 	8 	1.0 	-1012.0 	[2, 0] 	0
main	229 	13 	 T1T2 	 0.0 	8 	2 	2 	1.0 	-1007.0 	16 	1 	1 	1.0 	-1015.0 	[2, 0] 	0
main	230 	13 	 T1T2 	 0.0 	6 	8 	5 	0.0 	-1005.0 	16 	5 	0 	0.0 	-1015.0 	[2, 0] 	0
main	231 	13 	 T1T2 	 0.0 	6 	1 	7 	0.0 	-1005.0 	8 	7 	8 	0.0 	-1007.0 	[2, 0] 	0
main	232 	13 	 T1T2 	 0.0 	6 	2 	4 	0.0 	-1005.0 	7 	4 	1 	0.0 	-1006.0 	[2, 0] 	0
main	233 	13 	 T1T2 	 0.0 	6 	4 	7 	0.0 	-1005.0 	11 	7 	2 	0.0 	-1010.0 	[2, 0] 	8
main	234 	13 	 T1T2 	 0.0 	6 	2 	2 	1.0 	-1005.0 	14 	9 	9 	1.0 	-1013.0 	[2, 0] 	0
main	235 	13 	 T1T2 	 0.0 	10 	2 	2 	1.0 	-1009.0 	20 	4 	4 	1.0 	-1019.0 	[2, 0] 	0
main	236 	13 	 T1T2 	 0.0 	10 	5 	5 	1.0 	-1009.0 	12 	3 	4 	0.0 	-1011.0 	[2, 0] 	0
main	237 	13 	 T1T2 	 0.0 	10 	0 	7 	0.0 	-1009.0 	11 	7 	0 	0.0 	-1010.0 	[2, 0] 	0
main	238 	13 	 T1T2 	 0.0 	10 	6 	0 	0.0 	-1009.0 	15 	0 	6 	0.0 	-1014.0 	[2, 0] 	0
main	239 	13 	 T1T2 	 0.0 	10 	2 	2 	1.0 	-1009.0 	18 	5 	5 	1.0 	-1017.0 	[2, 0] 	11
main	240 	13 	 T1T2 	 0.0 	14 	9 	5 	0.0 	-1013.0 	24 	3 	0 	0.0 	-1023.0 	[6, 0] 	0
main	241 	13 	 T1T2 	 0.0 	14 	8 	8 	1.0 	-1013.0 	16 	7 	7 	1.0 	-1015.0 	[6, 0] 	0
main	242 	13 	 T1T2 	 0.0 	14 	4 	5 	0.0 	-1013.0 	15 	5 	4 	0.0 	-1014.0 	[6, 0] 	0
main	243 	13 	 T1T2 	 0.0 	14 	9 	9 	1.0 	-1013.0 	19 	2 	8 	0.0 	-1018.0 	[6, 0] 	0
main	244 	13 	 T1T2 	 0.0 	14 	5 	6 	0.0 	-1013.0 	22 	6 	7 	0.0 	-1021.0 	[6, 0] 	0
main	245 	13 	 T1T2 	 0.0 	8 	2 	2 	1.0 	-1007.0 	18 	1 	7 	0.0 	-1017.0 	[6, 0] 	0
main	246 	13 	 T1T2 	 0.0 	8 	2 	1 	0.0 	-1007.0 	10 	6 	2 	0.0 	-1009.0 	[6, 0] 	0
main	247 	13 	 T1T2 	 0.0 	8 	8 	3 	0.0 	-1007.0 	9 	3 	4 	0.0 	-1008.0 	[6, 0] 	0
main	248 	13 	 T1T2 	 0.0 	8 	0 	5 	0.0 	-1007.0 	13 	5 	3 	0.0 	-1012.0 	[6, 0] 	0
main	249 	13 	 T1T2 	 0.0 	8 	3 	3 	1.0 	-1007.0 	16 	2 	2 	1.0 	-1015.0 	[6, 0] 	1
main	250 	13 	 T1T2 	 0.0 	6 	4 	4 	1.0 	-1005.0 	16 	3 	7 	0.0 	-1015.0 	[6, 0] 	0
main	251 	13 	 T1T2 	 0.0 	6 	6 	0 	0.0 	-1005.0 	8 	0 	7 	0.0 	-1007.0 	[6, 0] 	0
main	252 	13 	 T1T2 	 0.0 	6 	7 	6 	0.0 	-1005.0 	7 	0 	9 	0.0 	-1006.0 	[6, 0] 	0
main	253 	13 	 T1T2 	 0.0 	6 	6 	6 	1.0 	-1005.0 	11 	4 	8 	0.0 	-1010.0 	[6, 0] 	0
main	254 	13 	 T1T2 	 0.0 	6 	8 	0 	0.0 	-1005.0 	14 	5 	8 	0.0 	-1013.0 	[6, 0] 	0
main	255 	13 	 T1T2 	 0.0 	10 	5 	4 	0.0 	-1009.0 	20 	0 	0 	1.0 	-1019.0 	[6, 0] 	0
main	256 	13 	 T1T2 	 0.0 	10 	3 	3 	1.0 	-1009.0 	12 	9 	5 	0.0 	-1011.0 	[6, 0] 	0
main	257 	13 	 T1T2 	 0.0 	10 	4 	3 	0.0 	-1009.0 	11 	3 	7 	0.0 	-1010.0 	[6, 0] 	0
main	258 	13 	 T1T2 	 0.0 	10 	5 	4 	0.0 	-1009.0 	15 	4 	5 	0.0 	-1014.0 	[6, 0] 	0
main	259 	13 	 T1T2 	 0.0 	10 	5 	2 	0.0 	-1009.0 	18 	2 	3 	0.0 	-1017.0 	[6, 0] 	0
main	260 	13 	 T1T2 	 0.0 	14 	9 	9 	1.0 	-1013.0 	24 	0 	7 	0.0 	-1023.0 	[-2, 0] 	0
main	261 	13 	 T1T2 	 0.0 	14 	0 	0 	1.0 	-1013.0 	16 	2 	2 	1.0 	-1015.0 	[-2, 0] 	1
main	262 	13 	 T1T2 	 0.0 	14 	1 	1 	1.0 	-1013.0 	15 	2 	2 	1.0 	-1014.0 	[-2, 0] 	0
main	263 	13 	 T1T2 	 0.0 	14 	1 	1 	1.0 	-1013.0 	19 	6 	6 	1.0 	-1018.0 	[-2, 0] 	0
main	264 	13 	 T1T2 	 0.0 	14 	2 	2 	1.0 	-1013.0 	22 	9 	3 	0.0 	-1021.0 	[-2, 0] 	0
main	265 	13 	 T1T2 	 0.0 	8 	9 	9 	1.0 	-1007.0 	18 	7 	7 	1.0 	-1017.0 	[-2, 0] 	0
main	266 	13 	 T1T2 	 0.0 	8 	6 	0 	0.0 	-1007.0 	10 	4 	7 	0.0 	-1009.0 	[-2, 0] 	0
main	267 	13 	 T1T2 	 0.0 	8 	6 	9 	0.0 	-1007.0 	9 	9 	7 	0.0 	-1008.0 	[-2, 0] 	0
main	268 	13 	 T1T2 	 0.0 	8 	9 	9 	1.0 	-1007.0 	13 	5 	5 	1.0 	-1012.0 	[-2, 0] 	0
main	269 	13 	 T1T2 	 0.0 	8 	5 	8 	0.0 	-1007.0 	16 	7 	7 	1.0 	-1015.0 	[-2, 0] 	0
main	270 	13 	 T1T2 	 0.0 	6 	7 	3 	0.0 	-1005.0 	16 	3 	4 	0.0 	-1015.0 	[-2, 0] 	0
main	271 	13 	 T1T2 	 0.0 	6 	9 	3 	0.0 	-1005.0 	8 	1 	5 	0.0 	-1007.0 	[-2, 0] 	0
main	272 	13 	 T1T2 	 0.0 	6 	2 	1 	0.0 	-1005.0 	7 	1 	6 	0.0 	-1006.0 	[-2, 0] 	0
main	273 	13 	 T1T2 	 0.0 	6 	4 	4 	1.0 	-1005.0 	11 	6 	6 	1.0 	-1010.0 	[-2, 0] 	0
main	274 	13 	 T1T2 	 0.0 	6 	6 	5 	0.0 	-1005.0 	14 	5 	0 	0.0 	-1013.0 	[-2, 0] 	0
main	275 	13 	 T1T2 	 0.0 	10 	4 	4 	1.0 	-1009.0 	20 	6 	6 	1.0 	-1019.0 	[-2, 0] 	0
main	276 	13 	 T1T2 	 0.0 	10 	0 	0 	1.0 	-1009.0 	12 	4 	6 	0.0 	-1011.0 	[-2, 0] 	0
main	277 	13 	 T1T2 	 0.0 	10 	6 	0 	0.0 	-1009.0 	11 	4 	5 	0.0 	-1010.0 	[-2, 0] 	0
main	278 	13 	 T1T2 	 0.0 	10 	7 	7 	1.0 	-1009.0 	15 	3 	3 	1.0 	-1014.0 	[-2, 0] 	0
main	279 	13 	 T1T2 	 0.0 	10 	2 	2 	1.0 	-1009.0 	18 	1 	1 	1.0 	-1017.0 	[-2, 0] 	0
main	280 	13 	 T1T2 	 0.0 	14 	5 	5 	1.0 	-1013.0 	24 	6 	7 	0.0 	-1023.0 	[-6, 0] 	0
main	281 	13 	 T1T2 	 0.0 	14 	6 	6 	1.0 	-1013.0 	16 	3 	3 	1.0 	-1015.0 	[-6, 0] 	0
main	282 	13 	 T1T2 	 0.0 	14 	1 	1 	1.0 	-1013.0 	15 	8 	8 	1.0 	-1014.0 	[-6, 0] 	0
main	283 	13 	 T1T2 	 0.0 	14 	1 	1 	1.0 	-1013.0 	19 	5 	5 	1.0 	-1018.0 	[-6, 0] 	0
main	284 	13 	 T1T2 	 0.0 	14 	9 	6 	0.0 	-1013.0 	22 	2 	2 	1.0 	-1021.0 	[-6, 0] 	0
main	285 	13 	 T1T2 	 0.0 	8 	9 	0 	0.0 	-1007.0 	18 	0 	9 	0.0 	-1017.0 	[-6, 0] 	0
main	286 	13 	 T1T2 	 0.0 	8 	4 	7 	0.0 	-1007.0 	10 	7 	0 	0.0 	-1009.0 	[-6, 0] 	0
main	287 	13 	 T1T2 	 0.0 	8 	1 	5 	0.0 	-1007.0 	9 	5 	0 	0.0 	-1008.0 	[-6, 0] 	0
main	288 	13 	 T1T2 	 0.0 	8 	8 	5 	0.0 	-1007.0 	13 	5 	0 	0.0 	-1012.0 	[-6, 0] 	0
main	289 	13 	 T1T2 	 0.0 	8 	9 	9 	1.0 	-1007.0 	16 	7 	6 	0.0 	-1015.0 	[-6, 0] 	8
main	290 	13 	 T1T2 	 0.0 	6 	9 	9 	1.0 	-1005.0 	16 	5 	5 	1.0 	-1015.0 	[-6, 0] 	0
main	291 	13 	 T1T2 	 0.0 	6 	8 	8 	1.0 	-1005.0 	8 	2 	3 	0.0 	-1007.0 	[-6, 0] 	0
main	292 	13 	 T1T2 	 0.0 	6 	4 	4 	1.0 	-1005.0 	7 	5 	5 	1.0 	-1006.0 	[-6, 0] 	0
main	293 	13 	 T1T2 	 0.0 	6 	6 	6 	1.0 	-1005.0 	11 	5 	5 	1.0 	-1010.0 	[-6, 0] 	0
main	294 	13 	 T1T2 	 0.0 	6 	6 	6 	1.0 	-1005.0 	14 	9 	8 	0.0 	-1013.0 	[-6, 0] 	0
main	295 	13 	 T1T2 	 0.0 	10 	8 	8 	1.0 	-1009.0 	20 	7 	7 	1.0 	-1019.0 	[-6, 0] 	0
main	296 	13 	 T1T2 	 0.0 	10 	7 	8 	0.0 	-1009.0 	12 	6 	9 	0.0 	-1011.0 	[-6, 0] 	10
main	297 	13 	 T1T2 	 0.0 	10 	8 	8 	1.0 	-1009.0 	11 	6 	6 	1.0 	-1010.0 	[-6, 0] 	0
main	298 	13 	 T1T2 	 0.0 	10 	3 	3 	1.0 	-1009.0 	15 	7 	0 	0.0 	-1014.0 	[-6, 0] 	0
main	299 	13 	 T1T2 	 0.0 	10 	3 	3 	1.0 	-1009.0 	18 	8 	4 	0.0 	-1017.0 	[-6, 0] 	0
main	300 	13 	 T1T2 	 0.0 	14 	3 	4 	0.0 	-1013.0 	24 	1 	3 	0.0 	-1023.0 	[2, 0] 	0
main	301 	13 	 T1T2 	 0.0 	14 	8 	8 	1.0 	-1013.0 	16 	1 	1 	1.0 	-1015.0 	[2, 0] 	0
main	302 	13 	 T1T2 	 0.0 	14 	7 	7 	1.0 	-1013.0 	15 	5 	4 	0.0 	-1014.0 	[2, 0] 	0
main	303 	13 	 T1T2 	 0.0 	14 	2 	2 	1.0 	-1013.0 	19 	5 	5 	1.0 	-1018.0 	[2, 0] 	0
main	304 	13 	 T1T2 	 0.0 	14 	8 	7 	0.0 	-1013.0 	22 	4 	4 	1.0 	-1021.0 	[2, 0] 	0
main	305 	13 	 T1T2 	 0.0 	8 	1 	1 	1.0 	-1007.0 	18 	8 	5 	0.0 	-1017.0 	[2, 0] 	0
main	306 	13 	 T1T2 	 0.0 	8 	7 	7 	1.0 	-1007.0 	10 	2 	3 	0.0 	-1009.0 	[2, 0] 	0
main	307 	13 	 T1T2 	 0.0 	8 	3 	0 	0.0 	-1007.0 	9 	0 	4 	0.0 	-1008.0 	[2, 0] 	0
main	308 	13 	 T1T2 	 0.0 	8 	6 	6 	1.0 	-1007.0 	13 	0 	8 	0.0 	-1012.0 	[2, 0] 	0
main	309 	13 	 T1T2 	 0.0 	8 	6 	6 	1.0 	-1007.0 	16 	9 	5 	0.0 	-1015.0 	[2, 0] 	0
main	310 	13 	 T1T2 	 0.0 	6 	5 	7 	0.0 	-1005.0 	16 	9 	9 	1.0 	-1015.0 	[2, 0] 	0
main	311 	13 	 T1T2 	 0.0 	6 	4 	3 	0.0 	-1005.0 	8 	7 	4 	0.0 	-1007.0 	[2, 0] 	0
main	312 	13 	 T1T2 	 0.0 	6 	4 	4 	1.0 	-1005.0 	7 	0 	0 	1.0 	-1006.0 	[2, 0] 	0
main	313 	13 	 T1T2 	 0.0 	6 	7 	0 	0.0 	-1005.0 	11 	3 	2 	0.0 	-1010.0 	[2, 0] 	0
main	314 	13 	 T1T2 	 0.0 	6 	9 	9 	1.0 	-1005.0 	14 	1 	8 	0.0 	-1013.0 	[2, 0] 	0
main	315 	13 	 T1T2 	 0.0 	10 	1 	0 	0.0 	-1009.0 	20 	6 	9 	0.0 	-1019.0 	[2, 0] 	0
main	316 	13 	 T1T2 	 0.0 	10 	2 	2 	1.0 	-1009.0 	12 	6 	6 	1.0 	-1011.0 	[2, 0] 	0
main	317 	13 	 T1T2 	 0.0 	10 	8 	8 	1.0 	-1009.0 	11 	0 	0 	1.0 	-1010.0 	[2, 0] 	0
main	318 	13 	 T1T2 	 0.0 	10 	1 	4 	0.0 	-1009.0 	15 	3 	1 	0.0 	-1014.0 	[2, 0] 	0
main	319 	13 	 T1T2 	 0.0 	10 	8 	5 	0.0 	-1009.0 	18 	5 	1 	0.0 	-1017.0 	[2, 0] 	0
main	320 	13 	 T1T2 	 0.0 	14 	9 	0 	0.0 	-1013.0 	24 	5 	1 	0.0 	-1023.0 	[6, 0] 	0
main	321 	13 	 T1T2 	 0.0 	14 	4 	9 	0.0 	-1013.0 	16 	0 	5 	0.0 	-1015.0 	[6, 0] 	0
main	322 	13 	 T1T2 	 0.0 	14 	1 	0 	0.0 	-1013.0 	15 	3 	2 	0.0 	-1014.0 	[6, 0] 	0
main	323 	13 	 T1T2 	 0.0 	14 	3 	0 	0.0 	-1013.0 	19 	0 	4 	0.0 	-1018.0 	[6, 0] 	0
main	324 	13 	 T1T2 	 0.0 	14 	9 	4 	0.0 	-1013.0 	22 	8 	2 	0.0 	-1021.0 	[6, 0] 	0
main	325 	13 	 T1T2 	 0.0 	8 	5 	0 	0.0 	-1007.0 	18 	8 	2 	0.0 	-1017.0 	[6, 0] 	0
main	326 	13 	 T1T2 	 0.0 	8 	6 	4 	0.0 	-1007.0 	10 	0 	6 	0.0 	-1009.0 	[6, 0] 	0
main	327 	13 	 T1T2 	 0.0 	8 	8 	1 	0.0 	-1007.0 	9 	3 	4 	0.0 	-1008.0 	[6, 0] 	0
main	328 	13 	 T1T2 	 0.0 	8 	8 	2 	0.0 	-1007.0 	13 	0 	4 	0.0 	-1012.0 	[6, 0] 	0
main	329 	13 	 T1T2 	 0.0 	8 	2 	2 	1.0 	-1007.0 	16 	8 	5 	0.0 	-1015.0 	[6, 0] 	0
main	330 	13 	 T1T2 	 0.0 	6 	7 	0 	0.0 	-1005.0 	16 	4 	3 	0.0 	-1015.0 	[6, 0] 	5
main	331 	13 	 T1T2 	 0.0 	6 	8 	9 	0.0 	-1005.0 	8 	9 	1 	0.0 	-1007.0 	[6, 0] 	0
main	332 	13 	 T1T2 	 0.0 	6 	8 	8 	1.0 	-1005.0 	7 	0 	0 	1.0 	-1006.0 	[6, 0] 	0
main	333 	13 	 T1T2 	 0.0 	6 	1 	1 	1.0 	-1005.0 	11 	0 	4 	0.0 	-1010.0 	[6, 0] 	0
main	334 	13 	 T1T2 	 0.0 	6 	5 	2 	0.0 	-1005.0 	14 	2 	3 	0.0 	-1013.0 	[6, 0] 	0
main	335 	13 	 T1T2 	 0.0 	10 	1 	1 	1.0 	-1009.0 	20 	7 	9 	0.0 	-1019.0 	[6, 0] 	0
main	336 	13 	 T1T2 	 0.0 	10 	3 	3 	1.0 	-1009.0 	12 	8 	4 	0.0 	-1011.0 	[6, 0] 	0
main	337 	13 	 T1T2 	 0.0 	10 	0 	0 	1.0 	-1009.0 	11 	5 	3 	0.0 	-1010.0 	[6, 0] 	0
main	338 	13 	 T1T2 	 0.0 	10 	7 	0 	0.0 	-1009.0 	15 	6 	3 	0.0 	-1014.0 	[6, 0] 	0
main	339 	13 	 T1T2 	 0.0 	10 	8 	0 	0.0 	-1009.0 	18 	1 	4 	0.0 	-1017.0 	[6, 0] 	0
main	340 	13 	 T1T2 	 0.0 	14 	1 	1 	1.0 	-1013.0 	24 	5 	5 	1.0 	-1023.0 	[-2, 0] 	0
main	341 	13 	 T1T2 	 0.0 	14 	7 	1 	0.0 	-1013.0 	16 	8 	7 	0.0 	-1015.0 	[-2, 0] 	0
main	342 	13 	 T1T2 	 0.0 	14 	9 	9 	1.0 	-1013.0 	15 	1 	1 	1.0 	-1014.0 	[-2, 0] 	0
main	343 	13 	 T1T2 	 0.0 	14 	9 	9 	1.0 	-1013.0 	19 	2 	2 	1.0 	-1018.0 	[-2, 0] 	0
main	344 	13 	 T1T2 	 0.0 	14 	4 	3 	0.0 	-1013.0 	22 	2 	2 	1.0 	-1021.0 	[-2, 0] 	0
main	345 	13 	 T1T2 	 0.0 	8 	6 	4 	0.0 	-1007.0 	18 	4 	0 	0.0 	-1017.0 	[-2, 0] 	0
main	346 	13 	 T1T2 	 0.0 	8 	6 	0 	0.0 	-1007.0 	10 	0 	1 	0.0 	-1009.0 	[-2, 0] 	0
main	347 	13 	 T1T2 	 0.0 	8 	6 	5 	0.0 	-1007.0 	9 	5 	6 	0.0 	-1008.0 	[-2, 0] 	0
main	348 	13 	 T1T2 	 0.0 	8 	8 	0 	0.0 	-1007.0 	13 	0 	4 	0.0 	-1012.0 	[-2, 0] 	0
main	349 	13 	 T1T2 	 0.0 	8 	0 	6 	0.0 	-1007.0 	16 	6 	8 	0.0 	-1015.0 	[-2, 0] 	0
main	350 	13 	 T1T2 	 0.0 	6 	5 	2 	0.0 	-1005.0 	16 	2 	8 	0.0 	-1015.0 	[-2, 0] 	0
main	351 	13 	 T1T2 	 0.0 	6 	1 	1 	1.0 	-1005.0 	8 	3 	4 	0.0 	-1007.0 	[-2, 0] 	0
main	352 	13 	 T1T2 	 0.0 	6 	4 	4 	1.0 	-1005.0 	7 	1 	1 	1.0 	-1006.0 	[-2, 0] 	0
main	353 	13 	 T1T2 	 0.0 	6 	7 	1 	0.0 	-1005.0 	11 	4 	2 	0.0 	-1010.0 	[-2, 0] 	0
main	354 	13 	 T1T2 	 0.0 	6 	9 	8 	0.0 	-1005.0 	14 	1 	3 	0.0 	-1013.0 	[-2, 0] 	0
main	355 	13 	 T1T2 	 0.0 	10 	5 	7 	0.0 	-1009.0 	20 	8 	8 	1.0 	-1019.0 	[-2, 0] 	0
main	356 	13 	 T1T2 	 0.0 	10 	7 	5 	0.0 	-1009.0 	12 	5 	6 	0.0 	-1011.0 	[-2, 0] 	0
main	357 	13 	 T1T2 	 0.0 	10 	1 	1 	1.0 	-1009.0 	11 	8 	8 	1.0 	-1010.0 	[-2, 0] 	0
main	358 	13 	 T1T2 	 0.0 	10 	2 	2 	1.0 	-1009.0 	15 	3 	3 	1.0 	-1014.0 	[-2, 0] 	0
main	359 	13 	 T1T2 	 0.0 	10 	9 	9 	1.0 	-1009.0 	18 	1 	1 	1.0 	-1017.0 	[-2, 0] 	3
main	360 	13 	 T1T2 	 0.0 	14 	2 	0 	0.0 	-1013.0 	24 	8 	2 	0.0 	-1023.0 	[-6, 0] 	0
main	361 	13 	 T1T2 	 0.0 	14 	2 	2 	1.0 	-1013.0 	16 	4 	4 	1.0 	-1015.0 	[-6, 0] 	0
main	362 	13 	 T1T2 	 0.0 	14 	7 	3 	0.0 	-1013.0 	15 	4 	4 	1.0 	-1014.0 	[-6, 0] 	0
main	363 	13 	 T1T2 	 0.0 	14 	4 	7 	0.0 	-1013.0 	19 	2 	6 	0.0 	-1018.0 	[-6, 0] 	0
main	364 	13 	 T1T2 	 0.0 	14 	4 	3 	0.0 	-1013.0 	22 	3 	0 	0.0 	-1021.0 	[-6, 0] 	0
main	365 	13 	 T1T2 	 0.0 	8 	3 	0 	0.0 	-1007.0 	18 	0 	4 	0.0 	-1017.0 	[-6, 0] 	0
main	366 	13 	 T1T2 	 0.0 	8 	4 	3 	0.0 	-1007.0 	10 	7 	7 	1.0 	-1009.0 	[-6, 0] 	0
main	367 	13 	 T1T2 	 0.0 	8 	6 	1 	0.0 	-1007.0 	9 	1 	6 	0.0 	-1008.0 	[-6, 0] 	0
main	368 	13 	 T1T2 	 0.0 	8 	0 	2 	0.0 	-1007.0 	13 	2 	3 	0.0 	-1012.0 	[-6, 0] 	0
main	369 	13 	 T1T2 	 0.0 	8 	0 	9 	0.0 	-1007.0 	16 	1 	3 	0.0 	-1015.0 	[-6, 0] 	0
main	370 	13 	 T1T2 	 0.0 	6 	0 	3 	0.0 	-1005.0 	16 	4 	4 	1.0 	-1015.0 	[-6, 0] 	0
main	371 	13 	 T1T2 	 0.0 	6 	9 	4 	0.0 	-1005.0 	8 	3 	0 	0.0 	-1007.0 	[-6, 0] 	0
main	372 	13 	 T1T2 	 0.0 	6 	4 	3 	0.0 	-1005.0 	7 	3 	5 	0.0 	-1006.0 	[-6, 0] 	0
main	373 	13 	 T1T2 	 0.0 	6 	7 	5 	0.0 	-1005.0 	11 	5 	4 	0.0 	-1010.0 	[-6, 0] 	0
main	374 	13 	 T1T2 	 0.0 	6 	6 	6 	1.0 	-1005.0 	14 	0 	7 	0.0 	-1013.0 	[-6, 0] 	0
main	375 	13 	 T1T2 	 0.0 	10 	8 	6 	0.0 	-1009.0 	20 	6 	8 	0.0 	-1019.0 	[-6, 0] 	0
main	376 	13 	 T1T2 	 0.0 	10 	9 	0 	0.0 	-1009.0 	12 	3 	9 	0.0 	-1011.0 	[-6, 0] 	0
main	377 	13 	 T1T2 	 0.0 	10 	4 	8 	0.0 	-1009.0 	11 	8 	0 	0.0 	-1010.0 	[-6, 0] 	0
main	378 	13 	 T1T2 	 0.0 	10 	6 	2 	0.0 	-1009.0 	15 	5 	4 	0.0 	-1014.0 	[-6, 0] 	0
main	379 	13 	 T1T2 	 0.0 	10 	3 	3 	1.0 	-1009.0 	18 	7 	6 	0.0 	-1017.0 	[-6, 0] 	0
main	380 	13 	 T1T2 	 0.0 	14 	3 	2 	0.0 	-1013.0 	24 	2 	3 	0.0 	-1023.0 	[2, 0] 	0
main	381 	13 	 T1T2 	 0.0 	14 	1 	1 	1.0 	-1013.0 	16 	8 	9 	0.0 	-1015.0 	[2, 0] 	0
main	382 	13 	 T1T2 	 0.0 	14 	1 	1 	1.0 	-1013.0 	15 	4 	4 	1.0 	-1014.0 	[2, 0] 	0
main	383 	13 	 T1T2 	 0.0 	14 	6 	1 	0.0 	-1013.0 	19 	7 	7 	1.0 	-1018.0 	[2, 0] 	0
main	384 	13 	 T1T2 	 0.0 	14 	8 	8 	1.0 	-1013.0 	22 	9 	6 	0.0 	-1021.0 	[2, 0] 	0
main	385 	13 	 T1T2 	 0.0 	8 	7 	7 	1.0 	-1007.0 	18 	9 	0 	0.0 	-1017.0 	[2, 0] 	0
main	386 	13 	 T1T2 	 0.0 	8 	3 	9 	0.0 	-1007.0 	10 	2 	0 	0.0 	-1009.0 	[2, 0] 	0
main	387 	13 	 T1T2 	 0.0 	8 	6 	6 	1.0 	-1007.0 	9 	7 	4 	0.0 	-1008.0 	[2, 0] 	0
main	388 	13 	 T1T2 	 0.0 	8 	8 	8 	1.0 	-1007.0 	13 	7 	0 	0.0 	-1012.0 	[2, 0] 	0
main	389 	13 	 T1T2 	 0.0 	8 	8 	8 	1.0 	-1007.0 	16 	0 	6 	0.0 	-1015.0 	[2, 0] 	0
main	390 	13 	 T1T2 	 0.0 	6 	8 	0 	0.0 	-1005.0 	16 	0 	8 	0.0 	-1015.0 	[2, 0] 	7
main	391 	13 	 T1T2 	 0.0 	6 	5 	5 	1.0 	-1005.0 	8 	0 	3 	0.0 	-1007.0 	[2, 0] 	0
main	392 	13 	 T1T2 	 0.0 	6 	4 	8 	0.0 	-1005.0 	7 	8 	6 	0.0 	-1006.0 	[2, 0] 	0
main	393 	13 	 T1T2 	 0.0 	6 	0 	1 	0.0 	-1005.0 	11 	1 	4 	0.0 	-1010.0 	[2, 0] 	0
main	394 	13 	 T1T2 	 0.0 	6 	0 	0 	1.0 	-1005.0 	14 	9 	9 	1.0 	-1013.0 	[2, 0] 	0
main	395 	13 	 T1T2 	 0.0 	10 	2 	2 	1.0 	-1009.0 	20 	1 	7 	0.0 	-1019.0 	[2, 0] 	0
main	396 	13 	 T1T2 	 0.0 	10 	0 	8 	0.0 	-1009.0 	12 	8 	6 	0.0 	-1011.0 	[2, 0] 	0
main	397 	13 	 T1T2 	 0.0 	10 	0 	0 	1.0 	-1009.0 	11 	6 	6 	1.0 	-1010.0 	[2, 0] 	0
main	398 	13 	 T1T2 	 0.0 	10 	6 	2 	0.0 	-1009.0 	15 	2 	4 	0.0 	-1014.0 	[2, 0] 	0
main	399 	13 	 T1T2 	 0.0 	10 	6 	6 	1.0 	-1009.0 	18 	7 	1 	0.0 	-1017.0 	[2, 0] 	0
