experimentPhase	trialnum	subject	task	noisePercent	answerPos0	answer0	response0	correct0	responsePosRelative0	answerPos1	answer1	response1	correct1	responsePosRelative1	spatialPos	timingBlipsmain	0 	6 	 T1T2 	 0.0 	8 	8 	8 	1.0 	-1007.0 	10 	3 	1 	0.0 	-1009.0 	[-2, 0] 	0
main	1 	6 	 T1T2 	 0.0 	8 	3 	3 	1.0 	-1007.0 	18 	1 	1 	1.0 	-1017.0 	[-2, 0] 	0
main	2 	6 	 T1T2 	 0.0 	8 	9 	9 	1.0 	-1007.0 	16 	0 	0 	1.0 	-1015.0 	[-2, 0] 	0
main	3 	6 	 T1T2 	 0.0 	8 	3 	3 	1.0 	-1007.0 	9 	5 	5 	1.0 	-1008.0 	[-2, 0] 	0
main	4 	6 	 T1T2 	 0.0 	8 	5 	5 	1.0 	-1007.0 	13 	4 	4 	1.0 	-1012.0 	[-2, 0] 	0
main	5 	6 	 T1T2 	 0.0 	14 	9 	8 	0.0 	-1013.0 	16 	8 	2 	0.0 	-1015.0 	[-2, 0] 	0
main	6 	6 	 T1T2 	 0.0 	14 	7 	4 	0.0 	-1013.0 	24 	4 	4 	1.0 	-1023.0 	[-2, 0] 	0
main	7 	6 	 T1T2 	 0.0 	14 	3 	3 	1.0 	-1013.0 	22 	9 	9 	1.0 	-1021.0 	[-2, 0] 	0
main	8 	6 	 T1T2 	 0.0 	14 	4 	5 	0.0 	-1013.0 	15 	5 	4 	0.0 	-1014.0 	[-2, 0] 	0
main	9 	6 	 T1T2 	 0.0 	14 	9 	9 	1.0 	-1013.0 	19 	6 	6 	1.0 	-1018.0 	[-2, 0] 	0
main	10 	6 	 T1T2 	 0.0 	6 	1 	1 	1.0 	-1005.0 	8 	0 	0 	1.0 	-1007.0 	[-2, 0] 	0
main	11 	6 	 T1T2 	 0.0 	6 	3 	3 	1.0 	-1005.0 	16 	2 	2 	1.0 	-1015.0 	[-2, 0] 	0
main	12 	6 	 T1T2 	 0.0 	6 	0 	0 	1.0 	-1005.0 	14 	8 	8 	1.0 	-1013.0 	[-2, 0] 	0
main	13 	6 	 T1T2 	 0.0 	6 	7 	0 	0.0 	-1005.0 	7 	0 	7 	0.0 	-1006.0 	[-2, 0] 	0
main	14 	6 	 T1T2 	 0.0 	6 	6 	6 	1.0 	-1005.0 	11 	0 	0 	1.0 	-1010.0 	[-2, 0] 	0
main	15 	6 	 T1T2 	 0.0 	10 	2 	2 	1.0 	-1009.0 	12 	3 	3 	1.0 	-1011.0 	[-2, 0] 	0
main	16 	6 	 T1T2 	 0.0 	10 	8 	8 	1.0 	-1009.0 	20 	9 	9 	1.0 	-1019.0 	[-2, 0] 	0
main	17 	6 	 T1T2 	 0.0 	10 	8 	8 	1.0 	-1009.0 	18 	5 	4 	0.0 	-1017.0 	[-2, 0] 	0
main	18 	6 	 T1T2 	 0.0 	10 	4 	2 	0.0 	-1009.0 	11 	2 	6 	0.0 	-1010.0 	[-2, 0] 	0
main	19 	6 	 T1T2 	 0.0 	10 	9 	9 	1.0 	-1009.0 	15 	4 	3 	0.0 	-1014.0 	[-2, 0] 	0
main	20 	6 	 T1T2 	 0.0 	8 	6 	6 	1.0 	-1007.0 	10 	0 	2 	0.0 	-1009.0 	[-6, 0] 	0
main	21 	6 	 T1T2 	 0.0 	8 	6 	6 	1.0 	-1007.0 	18 	8 	1 	0.0 	-1017.0 	[-6, 0] 	0
main	22 	6 	 T1T2 	 0.0 	8 	5 	5 	1.0 	-1007.0 	16 	6 	5 	0.0 	-1015.0 	[-6, 0] 	0
main	23 	6 	 T1T2 	 0.0 	8 	4 	6 	0.0 	-1007.0 	9 	6 	1 	0.0 	-1008.0 	[-6, 0] 	0
main	24 	6 	 T1T2 	 0.0 	8 	7 	7 	1.0 	-1007.0 	13 	4 	4 	1.0 	-1012.0 	[-6, 0] 	0
main	25 	6 	 T1T2 	 0.0 	14 	5 	5 	1.0 	-1013.0 	16 	2 	2 	1.0 	-1015.0 	[-6, 0] 	0
main	26 	6 	 T1T2 	 0.0 	14 	9 	9 	1.0 	-1013.0 	24 	2 	2 	1.0 	-1023.0 	[-6, 0] 	0
main	27 	6 	 T1T2 	 0.0 	14 	8 	8 	1.0 	-1013.0 	22 	3 	3 	1.0 	-1021.0 	[-6, 0] 	0
main	28 	6 	 T1T2 	 0.0 	14 	8 	6 	0.0 	-1013.0 	15 	6 	8 	0.0 	-1014.0 	[-6, 0] 	0
main	29 	6 	 T1T2 	 0.0 	14 	2 	2 	1.0 	-1013.0 	19 	0 	0 	1.0 	-1018.0 	[-6, 0] 	0
main	30 	6 	 T1T2 	 0.0 	6 	7 	1 	0.0 	-1005.0 	8 	1 	7 	0.0 	-1007.0 	[-6, 0] 	0
main	31 	6 	 T1T2 	 0.0 	6 	4 	3 	0.0 	-1005.0 	16 	3 	4 	0.0 	-1015.0 	[-6, 0] 	0
main	32 	6 	 T1T2 	 0.0 	6 	6 	8 	0.0 	-1005.0 	14 	8 	0 	0.0 	-1013.0 	[-6, 0] 	0
main	33 	6 	 T1T2 	 0.0 	6 	5 	9 	0.0 	-1005.0 	7 	9 	3 	0.0 	-1006.0 	[-6, 0] 	0
main	34 	6 	 T1T2 	 0.0 	6 	0 	0 	1.0 	-1005.0 	11 	9 	9 	1.0 	-1010.0 	[-6, 0] 	0
main	35 	6 	 T1T2 	 0.0 	10 	6 	6 	1.0 	-1009.0 	12 	9 	9 	1.0 	-1011.0 	[-6, 0] 	0
main	36 	6 	 T1T2 	 0.0 	10 	7 	4 	0.0 	-1009.0 	20 	1 	1 	1.0 	-1019.0 	[-6, 0] 	0
main	37 	6 	 T1T2 	 0.0 	10 	1 	1 	1.0 	-1009.0 	18 	8 	8 	1.0 	-1017.0 	[-6, 0] 	0
main	38 	6 	 T1T2 	 0.0 	10 	9 	9 	1.0 	-1009.0 	11 	7 	7 	1.0 	-1010.0 	[-6, 0] 	0
main	39 	6 	 T1T2 	 0.0 	10 	8 	8 	1.0 	-1009.0 	15 	1 	1 	1.0 	-1014.0 	[-6, 0] 	0
main	40 	6 	 T1T2 	 0.0 	8 	1 	1 	1.0 	-1007.0 	10 	4 	4 	1.0 	-1009.0 	[2, 0] 	0
main	41 	6 	 T1T2 	 0.0 	8 	4 	8 	0.0 	-1007.0 	18 	2 	2 	1.0 	-1017.0 	[2, 0] 	0
main	42 	6 	 T1T2 	 0.0 	8 	8 	8 	1.0 	-1007.0 	16 	9 	9 	1.0 	-1015.0 	[2, 0] 	0
main	43 	6 	 T1T2 	 0.0 	8 	2 	5 	0.0 	-1007.0 	9 	5 	4 	0.0 	-1008.0 	[2, 0] 	0
main	44 	6 	 T1T2 	 0.0 	8 	2 	2 	1.0 	-1007.0 	13 	4 	4 	1.0 	-1012.0 	[2, 0] 	0
main	45 	6 	 T1T2 	 0.0 	14 	3 	1 	0.0 	-1013.0 	16 	1 	3 	0.0 	-1015.0 	[2, 0] 	0
main	46 	6 	 T1T2 	 0.0 	14 	2 	2 	1.0 	-1013.0 	24 	5 	1 	0.0 	-1023.0 	[2, 0] 	0
main	47 	6 	 T1T2 	 0.0 	14 	3 	3 	1.0 	-1013.0 	22 	5 	5 	1.0 	-1021.0 	[2, 0] 	0
main	48 	6 	 T1T2 	 0.0 	14 	7 	8 	0.0 	-1013.0 	15 	3 	1 	0.0 	-1014.0 	[2, 0] 	0
main	49 	6 	 T1T2 	 0.0 	14 	0 	1 	0.0 	-1013.0 	19 	9 	9 	1.0 	-1018.0 	[2, 0] 	0
main	50 	6 	 T1T2 	 0.0 	6 	5 	1 	0.0 	-1005.0 	8 	1 	5 	0.0 	-1007.0 	[2, 0] 	0
main	51 	6 	 T1T2 	 0.0 	6 	7 	1 	0.0 	-1005.0 	16 	4 	2 	0.0 	-1015.0 	[2, 0] 	0
main	52 	6 	 T1T2 	 0.0 	6 	1 	1 	1.0 	-1005.0 	14 	6 	6 	1.0 	-1013.0 	[2, 0] 	0
main	53 	6 	 T1T2 	 0.0 	6 	0 	0 	1.0 	-1005.0 	7 	7 	5 	0.0 	-1006.0 	[2, 0] 	0
main	54 	6 	 T1T2 	 0.0 	6 	9 	9 	1.0 	-1005.0 	11 	1 	1 	1.0 	-1010.0 	[2, 0] 	0
main	55 	6 	 T1T2 	 0.0 	10 	8 	9 	0.0 	-1009.0 	12 	5 	4 	0.0 	-1011.0 	[2, 0] 	0
main	56 	6 	 T1T2 	 0.0 	10 	4 	4 	1.0 	-1009.0 	20 	2 	2 	1.0 	-1019.0 	[2, 0] 	0
main	57 	6 	 T1T2 	 0.0 	10 	5 	5 	1.0 	-1009.0 	18 	4 	4 	1.0 	-1017.0 	[2, 0] 	0
main	58 	6 	 T1T2 	 0.0 	10 	4 	4 	1.0 	-1009.0 	11 	7 	7 	1.0 	-1010.0 	[2, 0] 	0
main	59 	6 	 T1T2 	 0.0 	10 	4 	5 	0.0 	-1009.0 	15 	6 	2 	0.0 	-1014.0 	[2, 0] 	0
main	60 	6 	 T1T2 	 0.0 	8 	6 	6 	1.0 	-1007.0 	10 	7 	7 	1.0 	-1009.0 	[6, 0] 	0
main	61 	6 	 T1T2 	 0.0 	8 	8 	8 	1.0 	-1007.0 	18 	6 	3 	0.0 	-1017.0 	[6, 0] 	0
main	62 	6 	 T1T2 	 0.0 	8 	3 	3 	1.0 	-1007.0 	16 	9 	8 	0.0 	-1015.0 	[6, 0] 	0
main	63 	6 	 T1T2 	 0.0 	8 	9 	1 	0.0 	-1007.0 	9 	1 	9 	0.0 	-1008.0 	[6, 0] 	0
main	64 	6 	 T1T2 	 0.0 	8 	7 	4 	0.0 	-1007.0 	13 	4 	6 	0.0 	-1012.0 	[6, 0] 	0
main	65 	6 	 T1T2 	 0.0 	14 	9 	9 	1.0 	-1013.0 	16 	0 	0 	1.0 	-1015.0 	[6, 0] 	0
main	66 	6 	 T1T2 	 0.0 	14 	5 	5 	1.0 	-1013.0 	24 	6 	6 	1.0 	-1023.0 	[6, 0] 	0
main	67 	6 	 T1T2 	 0.0 	14 	2 	2 	1.0 	-1013.0 	22 	3 	3 	1.0 	-1021.0 	[6, 0] 	0
main	68 	6 	 T1T2 	 0.0 	14 	0 	0 	1.0 	-1013.0 	15 	4 	4 	1.0 	-1014.0 	[6, 0] 	0
main	69 	6 	 T1T2 	 0.0 	14 	7 	0 	0.0 	-1013.0 	19 	6 	6 	1.0 	-1018.0 	[6, 0] 	0
main	70 	6 	 T1T2 	 0.0 	6 	1 	1 	1.0 	-1005.0 	8 	8 	8 	1.0 	-1007.0 	[6, 0] 	0
main	71 	6 	 T1T2 	 0.0 	6 	4 	2 	0.0 	-1005.0 	16 	8 	8 	1.0 	-1015.0 	[6, 0] 	0
main	72 	6 	 T1T2 	 0.0 	6 	1 	1 	1.0 	-1005.0 	14 	3 	9 	0.0 	-1013.0 	[6, 0] 	0
main	73 	6 	 T1T2 	 0.0 	6 	7 	2 	0.0 	-1005.0 	7 	2 	7 	0.0 	-1006.0 	[6, 0] 	0
main	74 	6 	 T1T2 	 0.0 	6 	1 	1 	1.0 	-1005.0 	11 	2 	3 	0.0 	-1010.0 	[6, 0] 	0
main	75 	6 	 T1T2 	 0.0 	10 	4 	4 	1.0 	-1009.0 	12 	0 	5 	0.0 	-1011.0 	[6, 0] 	0
main	76 	6 	 T1T2 	 0.0 	10 	8 	8 	1.0 	-1009.0 	20 	2 	3 	0.0 	-1019.0 	[6, 0] 	0
main	77 	6 	 T1T2 	 0.0 	10 	6 	6 	1.0 	-1009.0 	18 	3 	3 	1.0 	-1017.0 	[6, 0] 	0
main	78 	6 	 T1T2 	 0.0 	10 	9 	9 	1.0 	-1009.0 	11 	0 	0 	1.0 	-1010.0 	[6, 0] 	0
main	79 	6 	 T1T2 	 0.0 	10 	1 	2 	0.0 	-1009.0 	15 	3 	3 	1.0 	-1014.0 	[6, 0] 	0
main	80 	6 	 T1T2 	 0.0 	8 	6 	1 	0.0 	-1007.0 	10 	7 	5 	0.0 	-1009.0 	[-2, 0] 	1
main	81 	6 	 T1T2 	 0.0 	8 	1 	1 	1.0 	-1007.0 	18 	0 	9 	0.0 	-1017.0 	[-2, 0] 	0
main	82 	6 	 T1T2 	 0.0 	8 	1 	1 	1.0 	-1007.0 	16 	3 	3 	1.0 	-1015.0 	[-2, 0] 	0
main	83 	6 	 T1T2 	 0.0 	8 	8 	2 	0.0 	-1007.0 	9 	2 	8 	0.0 	-1008.0 	[-2, 0] 	0
main	84 	6 	 T1T2 	 0.0 	8 	9 	9 	1.0 	-1007.0 	13 	1 	1 	1.0 	-1012.0 	[-2, 0] 	0
main	85 	6 	 T1T2 	 0.0 	14 	3 	3 	1.0 	-1013.0 	16 	5 	5 	1.0 	-1015.0 	[-2, 0] 	0
main	86 	6 	 T1T2 	 0.0 	14 	2 	8 	0.0 	-1013.0 	24 	1 	1 	1.0 	-1023.0 	[-2, 0] 	0
main	87 	6 	 T1T2 	 0.0 	14 	4 	4 	1.0 	-1013.0 	22 	2 	2 	1.0 	-1021.0 	[-2, 0] 	0
main	88 	6 	 T1T2 	 0.0 	14 	4 	5 	0.0 	-1013.0 	15 	5 	4 	0.0 	-1014.0 	[-2, 0] 	0
main	89 	6 	 T1T2 	 0.0 	14 	6 	6 	1.0 	-1013.0 	19 	9 	4 	0.0 	-1018.0 	[-2, 0] 	0
main	90 	6 	 T1T2 	 0.0 	6 	1 	2 	0.0 	-1005.0 	8 	2 	4 	0.0 	-1007.0 	[-2, 0] 	0
main	91 	6 	 T1T2 	 0.0 	6 	4 	8 	0.0 	-1005.0 	16 	8 	4 	0.0 	-1015.0 	[-2, 0] 	0
main	92 	6 	 T1T2 	 0.0 	6 	3 	3 	1.0 	-1005.0 	14 	1 	1 	1.0 	-1013.0 	[-2, 0] 	0
main	93 	6 	 T1T2 	 0.0 	6 	5 	8 	0.0 	-1005.0 	7 	8 	6 	0.0 	-1006.0 	[-2, 0] 	0
main	94 	6 	 T1T2 	 0.0 	6 	6 	6 	1.0 	-1005.0 	11 	9 	9 	1.0 	-1010.0 	[-2, 0] 	0
main	95 	6 	 T1T2 	 0.0 	10 	4 	3 	0.0 	-1009.0 	12 	3 	9 	0.0 	-1011.0 	[-2, 0] 	0
main	96 	6 	 T1T2 	 0.0 	10 	7 	7 	1.0 	-1009.0 	20 	5 	5 	1.0 	-1019.0 	[-2, 0] 	0
main	97 	6 	 T1T2 	 0.0 	10 	1 	1 	1.0 	-1009.0 	18 	2 	2 	1.0 	-1017.0 	[-2, 0] 	0
main	98 	6 	 T1T2 	 0.0 	10 	1 	1 	1.0 	-1009.0 	11 	8 	8 	1.0 	-1010.0 	[-2, 0] 	0
main	99 	6 	 T1T2 	 0.0 	10 	3 	3 	1.0 	-1009.0 	15 	5 	5 	1.0 	-1014.0 	[-2, 0] 	0
main	100 	6 	 T1T2 	 0.0 	8 	0 	0 	1.0 	-1007.0 	10 	7 	8 	0.0 	-1009.0 	[-6, 0] 	0
main	101 	6 	 T1T2 	 0.0 	8 	6 	6 	1.0 	-1007.0 	18 	3 	4 	0.0 	-1017.0 	[-6, 0] 	0
main	102 	6 	 T1T2 	 0.0 	8 	8 	0 	0.0 	-1007.0 	16 	3 	6 	0.0 	-1015.0 	[-6, 0] 	0
main	103 	6 	 T1T2 	 0.0 	8 	6 	6 	1.0 	-1007.0 	9 	1 	1 	1.0 	-1008.0 	[-6, 0] 	0
main	104 	6 	 T1T2 	 0.0 	8 	0 	1 	0.0 	-1007.0 	13 	1 	4 	0.0 	-1012.0 	[-6, 0] 	0
main	105 	6 	 T1T2 	 0.0 	14 	7 	5 	0.0 	-1013.0 	16 	5 	6 	0.0 	-1015.0 	[-6, 0] 	0
main	106 	6 	 T1T2 	 0.0 	14 	1 	1 	1.0 	-1013.0 	24 	0 	0 	1.0 	-1023.0 	[-6, 0] 	0
main	107 	6 	 T1T2 	 0.0 	14 	8 	4 	0.0 	-1013.0 	22 	1 	8 	0.0 	-1021.0 	[-6, 0] 	0
main	108 	6 	 T1T2 	 0.0 	14 	2 	4 	0.0 	-1013.0 	15 	4 	2 	0.0 	-1014.0 	[-6, 0] 	0
main	109 	6 	 T1T2 	 0.0 	14 	4 	9 	0.0 	-1013.0 	19 	7 	2 	0.0 	-1018.0 	[-6, 0] 	0
main	110 	6 	 T1T2 	 0.0 	6 	9 	9 	1.0 	-1005.0 	8 	8 	8 	1.0 	-1007.0 	[-6, 0] 	0
main	111 	6 	 T1T2 	 0.0 	6 	3 	3 	1.0 	-1005.0 	16 	6 	7 	0.0 	-1015.0 	[-6, 0] 	0
main	112 	6 	 T1T2 	 0.0 	6 	9 	3 	0.0 	-1005.0 	14 	2 	5 	0.0 	-1013.0 	[-6, 0] 	0
main	113 	6 	 T1T2 	 0.0 	6 	3 	3 	1.0 	-1005.0 	7 	7 	7 	1.0 	-1006.0 	[-6, 0] 	0
main	114 	6 	 T1T2 	 0.0 	6 	2 	2 	1.0 	-1005.0 	11 	4 	4 	1.0 	-1010.0 	[-6, 0] 	0
main	115 	6 	 T1T2 	 0.0 	10 	1 	1 	1.0 	-1009.0 	12 	0 	3 	0.0 	-1011.0 	[-6, 0] 	0
main	116 	6 	 T1T2 	 0.0 	10 	2 	2 	1.0 	-1009.0 	20 	8 	8 	1.0 	-1019.0 	[-6, 0] 	0
main	117 	6 	 T1T2 	 0.0 	10 	3 	3 	1.0 	-1009.0 	18 	9 	9 	1.0 	-1017.0 	[-6, 0] 	0
main	118 	6 	 T1T2 	 0.0 	10 	0 	4 	0.0 	-1009.0 	11 	4 	0 	0.0 	-1010.0 	[-6, 0] 	0
main	119 	6 	 T1T2 	 0.0 	10 	6 	6 	1.0 	-1009.0 	15 	1 	1 	1.0 	-1014.0 	[-6, 0] 	0
main	120 	6 	 T1T2 	 0.0 	8 	0 	8 	0.0 	-1007.0 	10 	8 	1 	0.0 	-1009.0 	[2, 0] 	0
main	121 	6 	 T1T2 	 0.0 	8 	8 	8 	1.0 	-1007.0 	18 	4 	4 	1.0 	-1017.0 	[2, 0] 	0
main	122 	6 	 T1T2 	 0.0 	8 	1 	1 	1.0 	-1007.0 	16 	3 	3 	1.0 	-1015.0 	[2, 0] 	0
main	123 	6 	 T1T2 	 0.0 	8 	5 	0 	0.0 	-1007.0 	9 	0 	5 	0.0 	-1008.0 	[2, 0] 	0
main	124 	6 	 T1T2 	 0.0 	8 	8 	8 	1.0 	-1007.0 	13 	1 	1 	1.0 	-1012.0 	[2, 0] 	0
main	125 	6 	 T1T2 	 0.0 	14 	0 	0 	1.0 	-1013.0 	16 	5 	6 	0.0 	-1015.0 	[2, 0] 	0
main	126 	6 	 T1T2 	 0.0 	14 	4 	1 	0.0 	-1013.0 	24 	1 	1 	1.0 	-1023.0 	[2, 0] 	0
main	127 	6 	 T1T2 	 0.0 	14 	8 	8 	1.0 	-1013.0 	22 	3 	3 	1.0 	-1021.0 	[2, 0] 	0
main	128 	6 	 T1T2 	 0.0 	14 	7 	5 	0.0 	-1013.0 	15 	5 	4 	0.0 	-1014.0 	[2, 0] 	0
main	129 	6 	 T1T2 	 0.0 	14 	2 	2 	1.0 	-1013.0 	19 	7 	7 	1.0 	-1018.0 	[2, 0] 	0
main	130 	6 	 T1T2 	 0.0 	6 	5 	5 	1.0 	-1005.0 	8 	2 	1 	0.0 	-1007.0 	[2, 0] 	0
main	131 	6 	 T1T2 	 0.0 	6 	5 	7 	0.0 	-1005.0 	16 	6 	0 	0.0 	-1015.0 	[2, 0] 	1
main	132 	6 	 T1T2 	 0.0 	6 	6 	6 	1.0 	-1005.0 	14 	8 	8 	1.0 	-1013.0 	[2, 0] 	0
main	133 	6 	 T1T2 	 0.0 	6 	1 	7 	0.0 	-1005.0 	7 	7 	1 	0.0 	-1006.0 	[2, 0] 	0
main	134 	6 	 T1T2 	 0.0 	6 	9 	9 	1.0 	-1005.0 	11 	1 	1 	1.0 	-1010.0 	[2, 0] 	0
main	135 	6 	 T1T2 	 0.0 	10 	9 	9 	1.0 	-1009.0 	12 	1 	1 	1.0 	-1011.0 	[2, 0] 	0
main	136 	6 	 T1T2 	 0.0 	10 	4 	3 	0.0 	-1009.0 	20 	9 	9 	1.0 	-1019.0 	[2, 0] 	0
main	137 	6 	 T1T2 	 0.0 	10 	6 	6 	1.0 	-1009.0 	18 	2 	2 	1.0 	-1017.0 	[2, 0] 	0
main	138 	6 	 T1T2 	 0.0 	10 	2 	5 	0.0 	-1009.0 	11 	5 	2 	0.0 	-1010.0 	[2, 0] 	0
main	139 	6 	 T1T2 	 0.0 	10 	1 	1 	1.0 	-1009.0 	15 	8 	8 	1.0 	-1014.0 	[2, 0] 	0
main	140 	6 	 T1T2 	 0.0 	8 	5 	5 	1.0 	-1007.0 	10 	4 	4 	1.0 	-1009.0 	[6, 0] 	0
main	141 	6 	 T1T2 	 0.0 	8 	2 	2 	1.0 	-1007.0 	18 	6 	6 	1.0 	-1017.0 	[6, 0] 	0
main	142 	6 	 T1T2 	 0.0 	8 	9 	9 	1.0 	-1007.0 	16 	3 	3 	1.0 	-1015.0 	[6, 0] 	0
main	143 	6 	 T1T2 	 0.0 	8 	0 	0 	1.0 	-1007.0 	9 	5 	5 	1.0 	-1008.0 	[6, 0] 	0
main	144 	6 	 T1T2 	 0.0 	8 	2 	4 	0.0 	-1007.0 	13 	0 	5 	0.0 	-1012.0 	[6, 0] 	0
main	145 	6 	 T1T2 	 0.0 	14 	2 	2 	1.0 	-1013.0 	16 	4 	4 	1.0 	-1015.0 	[6, 0] 	0
main	146 	6 	 T1T2 	 0.0 	14 	2 	2 	1.0 	-1013.0 	24 	0 	6 	0.0 	-1023.0 	[6, 0] 	0
main	147 	6 	 T1T2 	 0.0 	14 	4 	4 	1.0 	-1013.0 	22 	8 	2 	0.0 	-1021.0 	[6, 0] 	0
main	148 	6 	 T1T2 	 0.0 	14 	1 	1 	1.0 	-1013.0 	15 	9 	9 	1.0 	-1014.0 	[6, 0] 	0
main	149 	6 	 T1T2 	 0.0 	14 	2 	2 	1.0 	-1013.0 	19 	8 	8 	1.0 	-1018.0 	[6, 0] 	0
main	150 	6 	 T1T2 	 0.0 	6 	1 	1 	1.0 	-1005.0 	8 	6 	6 	1.0 	-1007.0 	[6, 0] 	0
main	151 	6 	 T1T2 	 0.0 	6 	8 	4 	0.0 	-1005.0 	16 	1 	1 	1.0 	-1015.0 	[6, 0] 	0
main	152 	6 	 T1T2 	 0.0 	6 	8 	8 	1.0 	-1005.0 	14 	2 	2 	1.0 	-1013.0 	[6, 0] 	0
main	153 	6 	 T1T2 	 0.0 	6 	4 	8 	0.0 	-1005.0 	7 	3 	3 	1.0 	-1006.0 	[6, 0] 	0
main	154 	6 	 T1T2 	 0.0 	6 	6 	6 	1.0 	-1005.0 	11 	2 	2 	1.0 	-1010.0 	[6, 0] 	0
main	155 	6 	 T1T2 	 0.0 	10 	1 	1 	1.0 	-1009.0 	12 	4 	4 	1.0 	-1011.0 	[6, 0] 	0
main	156 	6 	 T1T2 	 0.0 	10 	4 	4 	1.0 	-1009.0 	20 	9 	9 	1.0 	-1019.0 	[6, 0] 	0
main	157 	6 	 T1T2 	 0.0 	10 	2 	2 	1.0 	-1009.0 	18 	9 	9 	1.0 	-1017.0 	[6, 0] 	0
main	158 	6 	 T1T2 	 0.0 	10 	2 	2 	1.0 	-1009.0 	11 	4 	4 	1.0 	-1010.0 	[6, 0] 	0
main	159 	6 	 T1T2 	 0.0 	10 	4 	2 	0.0 	-1009.0 	15 	2 	8 	0.0 	-1014.0 	[6, 0] 	0
main	160 	6 	 T1T2 	 0.0 	8 	6 	6 	1.0 	-1007.0 	10 	1 	1 	1.0 	-1009.0 	[-2, 0] 	0
main	161 	6 	 T1T2 	 0.0 	8 	4 	6 	0.0 	-1007.0 	18 	7 	1 	0.0 	-1017.0 	[-2, 0] 	0
main	162 	6 	 T1T2 	 0.0 	8 	1 	1 	1.0 	-1007.0 	16 	5 	5 	1.0 	-1015.0 	[-2, 0] 	0
main	163 	6 	 T1T2 	 0.0 	8 	7 	9 	0.0 	-1007.0 	9 	9 	7 	0.0 	-1008.0 	[-2, 0] 	0
main	164 	6 	 T1T2 	 0.0 	8 	9 	9 	1.0 	-1007.0 	13 	0 	7 	0.0 	-1012.0 	[-2, 0] 	0
main	165 	6 	 T1T2 	 0.0 	14 	6 	6 	1.0 	-1013.0 	16 	0 	2 	0.0 	-1015.0 	[-2, 0] 	0
main	166 	6 	 T1T2 	 0.0 	14 	7 	7 	1.0 	-1013.0 	24 	3 	3 	1.0 	-1023.0 	[-2, 0] 	0
main	167 	6 	 T1T2 	 0.0 	14 	4 	4 	1.0 	-1013.0 	22 	5 	5 	1.0 	-1021.0 	[-2, 0] 	0
main	168 	6 	 T1T2 	 0.0 	14 	6 	6 	1.0 	-1013.0 	15 	4 	4 	1.0 	-1014.0 	[-2, 0] 	0
main	169 	6 	 T1T2 	 0.0 	14 	3 	7 	0.0 	-1013.0 	19 	7 	3 	0.0 	-1018.0 	[-2, 0] 	0
main	170 	6 	 T1T2 	 0.0 	6 	2 	2 	1.0 	-1005.0 	8 	1 	1 	1.0 	-1007.0 	[-2, 0] 	0
main	171 	6 	 T1T2 	 0.0 	6 	9 	9 	1.0 	-1005.0 	16 	3 	3 	1.0 	-1015.0 	[-2, 0] 	0
main	172 	6 	 T1T2 	 0.0 	6 	3 	3 	1.0 	-1005.0 	14 	2 	2 	1.0 	-1013.0 	[-2, 0] 	0
main	173 	6 	 T1T2 	 0.0 	6 	3 	5 	0.0 	-1005.0 	7 	5 	2 	0.0 	-1006.0 	[-2, 0] 	0
main	174 	6 	 T1T2 	 0.0 	6 	7 	5 	0.0 	-1005.0 	11 	5 	7 	0.0 	-1010.0 	[-2, 0] 	0
main	175 	6 	 T1T2 	 0.0 	10 	7 	2 	0.0 	-1009.0 	12 	2 	7 	0.0 	-1011.0 	[-2, 0] 	0
main	176 	6 	 T1T2 	 0.0 	10 	9 	2 	0.0 	-1009.0 	20 	6 	6 	1.0 	-1019.0 	[-2, 0] 	0
main	177 	6 	 T1T2 	 0.0 	10 	7 	7 	1.0 	-1009.0 	18 	3 	3 	1.0 	-1017.0 	[-2, 0] 	0
main	178 	6 	 T1T2 	 0.0 	10 	7 	2 	0.0 	-1009.0 	11 	2 	5 	0.0 	-1010.0 	[-2, 0] 	0
main	179 	6 	 T1T2 	 0.0 	10 	3 	4 	0.0 	-1009.0 	15 	9 	9 	1.0 	-1014.0 	[-2, 0] 	0
main	180 	6 	 T1T2 	 0.0 	8 	5 	2 	0.0 	-1007.0 	10 	6 	5 	0.0 	-1009.0 	[-6, 0] 	0
main	181 	6 	 T1T2 	 0.0 	8 	5 	3 	0.0 	-1007.0 	18 	3 	6 	0.0 	-1017.0 	[-6, 0] 	0
main	182 	6 	 T1T2 	 0.0 	8 	3 	1 	0.0 	-1007.0 	16 	5 	7 	0.0 	-1015.0 	[-6, 0] 	0
main	183 	6 	 T1T2 	 0.0 	8 	7 	1 	0.0 	-1007.0 	9 	1 	6 	0.0 	-1008.0 	[-6, 0] 	0
main	184 	6 	 T1T2 	 0.0 	8 	4 	4 	1.0 	-1007.0 	13 	2 	2 	1.0 	-1012.0 	[-6, 0] 	0
main	185 	6 	 T1T2 	 0.0 	14 	0 	7 	0.0 	-1013.0 	16 	7 	1 	0.0 	-1015.0 	[-6, 0] 	0
main	186 	6 	 T1T2 	 0.0 	14 	3 	3 	1.0 	-1013.0 	24 	9 	8 	0.0 	-1023.0 	[-6, 0] 	0
main	187 	6 	 T1T2 	 0.0 	14 	5 	3 	0.0 	-1013.0 	22 	6 	6 	1.0 	-1021.0 	[-6, 0] 	0
main	188 	6 	 T1T2 	 0.0 	14 	0 	0 	1.0 	-1013.0 	15 	5 	5 	1.0 	-1014.0 	[-6, 0] 	0
main	189 	6 	 T1T2 	 0.0 	14 	5 	5 	1.0 	-1013.0 	19 	4 	4 	1.0 	-1018.0 	[-6, 0] 	0
main	190 	6 	 T1T2 	 0.0 	6 	7 	4 	0.0 	-1005.0 	8 	4 	7 	0.0 	-1007.0 	[-6, 0] 	0
main	191 	6 	 T1T2 	 0.0 	6 	5 	5 	1.0 	-1005.0 	16 	9 	9 	1.0 	-1015.0 	[-6, 0] 	0
main	192 	6 	 T1T2 	 0.0 	6 	1 	1 	1.0 	-1005.0 	14 	5 	5 	1.0 	-1013.0 	[-6, 0] 	0
main	193 	6 	 T1T2 	 0.0 	6 	8 	4 	0.0 	-1005.0 	7 	4 	8 	0.0 	-1006.0 	[-6, 0] 	0
main	194 	6 	 T1T2 	 0.0 	6 	7 	3 	0.0 	-1005.0 	11 	3 	8 	0.0 	-1010.0 	[-6, 0] 	0
main	195 	6 	 T1T2 	 0.0 	10 	4 	4 	1.0 	-1009.0 	12 	3 	4 	0.0 	-1011.0 	[-6, 0] 	0
main	196 	6 	 T1T2 	 0.0 	10 	8 	8 	1.0 	-1009.0 	20 	5 	5 	1.0 	-1019.0 	[-6, 0] 	0
main	197 	6 	 T1T2 	 0.0 	10 	8 	8 	1.0 	-1009.0 	18 	1 	1 	1.0 	-1017.0 	[-6, 0] 	0
main	198 	6 	 T1T2 	 0.0 	10 	7 	3 	0.0 	-1009.0 	11 	3 	8 	0.0 	-1010.0 	[-6, 0] 	0
main	199 	6 	 T1T2 	 0.0 	10 	9 	9 	1.0 	-1009.0 	15 	0 	0 	1.0 	-1014.0 	[-6, 0] 	0
main	200 	6 	 T1T2 	 0.0 	8 	2 	2 	1.0 	-1007.0 	10 	5 	1 	0.0 	-1009.0 	[2, 0] 	0
main	201 	6 	 T1T2 	 0.0 	8 	3 	3 	1.0 	-1007.0 	18 	1 	6 	0.0 	-1017.0 	[2, 0] 	0
main	202 	6 	 T1T2 	 0.0 	8 	4 	4 	1.0 	-1007.0 	16 	8 	8 	1.0 	-1015.0 	[2, 0] 	0
main	203 	6 	 T1T2 	 0.0 	8 	7 	0 	0.0 	-1007.0 	9 	0 	7 	0.0 	-1008.0 	[2, 0] 	0
main	204 	6 	 T1T2 	 0.0 	8 	2 	2 	1.0 	-1007.0 	13 	1 	5 	0.0 	-1012.0 	[2, 0] 	0
main	205 	6 	 T1T2 	 0.0 	14 	8 	4 	0.0 	-1013.0 	16 	5 	8 	0.0 	-1015.0 	[2, 0] 	0
main	206 	6 	 T1T2 	 0.0 	14 	0 	0 	1.0 	-1013.0 	24 	6 	6 	1.0 	-1023.0 	[2, 0] 	0
main	207 	6 	 T1T2 	 0.0 	14 	4 	0 	0.0 	-1013.0 	22 	0 	4 	0.0 	-1021.0 	[2, 0] 	0
main	208 	6 	 T1T2 	 0.0 	14 	2 	2 	1.0 	-1013.0 	15 	3 	3 	1.0 	-1014.0 	[2, 0] 	0
main	209 	6 	 T1T2 	 0.0 	14 	0 	7 	0.0 	-1013.0 	19 	7 	4 	0.0 	-1018.0 	[2, 0] 	0
main	210 	6 	 T1T2 	 0.0 	6 	8 	8 	1.0 	-1005.0 	8 	3 	3 	1.0 	-1007.0 	[2, 0] 	1
main	211 	6 	 T1T2 	 0.0 	6 	3 	3 	1.0 	-1005.0 	16 	7 	7 	1.0 	-1015.0 	[2, 0] 	0
main	212 	6 	 T1T2 	 0.0 	6 	4 	4 	1.0 	-1005.0 	14 	5 	5 	1.0 	-1013.0 	[2, 0] 	0
main	213 	6 	 T1T2 	 0.0 	6 	9 	2 	0.0 	-1005.0 	7 	2 	1 	0.0 	-1006.0 	[2, 0] 	0
main	214 	6 	 T1T2 	 0.0 	6 	3 	8 	0.0 	-1005.0 	11 	2 	2 	1.0 	-1010.0 	[2, 0] 	0
main	215 	6 	 T1T2 	 0.0 	10 	5 	5 	1.0 	-1009.0 	12 	3 	2 	0.0 	-1011.0 	[2, 0] 	0
main	216 	6 	 T1T2 	 0.0 	10 	0 	0 	1.0 	-1009.0 	20 	6 	6 	1.0 	-1019.0 	[2, 0] 	0
main	217 	6 	 T1T2 	 0.0 	10 	9 	9 	1.0 	-1009.0 	18 	7 	7 	1.0 	-1017.0 	[2, 0] 	0
main	218 	6 	 T1T2 	 0.0 	10 	9 	9 	1.0 	-1009.0 	11 	3 	8 	0.0 	-1010.0 	[2, 0] 	0
main	219 	6 	 T1T2 	 0.0 	10 	2 	2 	1.0 	-1009.0 	15 	0 	7 	0.0 	-1014.0 	[2, 0] 	0
main	220 	6 	 T1T2 	 0.0 	8 	4 	4 	1.0 	-1007.0 	10 	2 	0 	0.0 	-1009.0 	[6, 0] 	0
main	221 	6 	 T1T2 	 0.0 	8 	1 	2 	0.0 	-1007.0 	18 	7 	0 	0.0 	-1017.0 	[6, 0] 	1
main	222 	6 	 T1T2 	 0.0 	8 	9 	9 	1.0 	-1007.0 	16 	2 	2 	1.0 	-1015.0 	[6, 0] 	0
main	223 	6 	 T1T2 	 0.0 	8 	9 	6 	0.0 	-1007.0 	9 	6 	7 	0.0 	-1008.0 	[6, 0] 	0
main	224 	6 	 T1T2 	 0.0 	8 	8 	8 	1.0 	-1007.0 	13 	7 	4 	0.0 	-1012.0 	[6, 0] 	0
main	225 	6 	 T1T2 	 0.0 	14 	3 	2 	0.0 	-1013.0 	16 	7 	8 	0.0 	-1015.0 	[6, 0] 	0
main	226 	6 	 T1T2 	 0.0 	14 	1 	1 	1.0 	-1013.0 	24 	5 	5 	1.0 	-1023.0 	[6, 0] 	0
main	227 	6 	 T1T2 	 0.0 	14 	2 	2 	1.0 	-1013.0 	22 	9 	9 	1.0 	-1021.0 	[6, 0] 	0
main	228 	6 	 T1T2 	 0.0 	14 	5 	5 	1.0 	-1013.0 	15 	3 	3 	1.0 	-1014.0 	[6, 0] 	0
main	229 	6 	 T1T2 	 0.0 	14 	0 	9 	0.0 	-1013.0 	19 	3 	3 	1.0 	-1018.0 	[6, 0] 	0
main	230 	6 	 T1T2 	 0.0 	6 	7 	9 	0.0 	-1005.0 	8 	6 	3 	0.0 	-1007.0 	[6, 0] 	0
main	231 	6 	 T1T2 	 0.0 	6 	9 	9 	1.0 	-1005.0 	16 	8 	8 	1.0 	-1015.0 	[6, 0] 	0
main	232 	6 	 T1T2 	 0.0 	6 	9 	9 	1.0 	-1005.0 	14 	3 	3 	1.0 	-1013.0 	[6, 0] 	0
main	233 	6 	 T1T2 	 0.0 	6 	8 	2 	0.0 	-1005.0 	7 	2 	8 	0.0 	-1006.0 	[6, 0] 	0
main	234 	6 	 T1T2 	 0.0 	6 	6 	6 	1.0 	-1005.0 	11 	7 	7 	1.0 	-1010.0 	[6, 0] 	0
main	235 	6 	 T1T2 	 0.0 	10 	0 	9 	0.0 	-1009.0 	12 	8 	7 	0.0 	-1011.0 	[6, 0] 	0
main	236 	6 	 T1T2 	 0.0 	10 	2 	2 	1.0 	-1009.0 	20 	5 	5 	1.0 	-1019.0 	[6, 0] 	0
main	237 	6 	 T1T2 	 0.0 	10 	2 	2 	1.0 	-1009.0 	18 	4 	4 	1.0 	-1017.0 	[6, 0] 	0
main	238 	6 	 T1T2 	 0.0 	10 	7 	0 	0.0 	-1009.0 	11 	0 	7 	0.0 	-1010.0 	[6, 0] 	0
main	239 	6 	 T1T2 	 0.0 	10 	5 	5 	1.0 	-1009.0 	15 	6 	6 	1.0 	-1014.0 	[6, 0] 	0
main	240 	6 	 T1T2 	 0.0 	8 	0 	9 	0.0 	-1007.0 	10 	3 	3 	1.0 	-1009.0 	[-2, 0] 	0
main	241 	6 	 T1T2 	 0.0 	8 	1 	1 	1.0 	-1007.0 	18 	4 	4 	1.0 	-1017.0 	[-2, 0] 	0
main	242 	6 	 T1T2 	 0.0 	8 	8 	8 	1.0 	-1007.0 	16 	2 	2 	1.0 	-1015.0 	[-2, 0] 	0
main	243 	6 	 T1T2 	 0.0 	8 	7 	1 	0.0 	-1007.0 	9 	1 	6 	0.0 	-1008.0 	[-2, 0] 	0
main	244 	6 	 T1T2 	 0.0 	8 	4 	2 	0.0 	-1007.0 	13 	1 	7 	0.0 	-1012.0 	[-2, 0] 	1
main	245 	6 	 T1T2 	 0.0 	14 	4 	4 	1.0 	-1013.0 	16 	1 	1 	1.0 	-1015.0 	[-2, 0] 	0
main	246 	6 	 T1T2 	 0.0 	14 	7 	0 	0.0 	-1013.0 	24 	0 	8 	0.0 	-1023.0 	[-2, 0] 	0
main	247 	6 	 T1T2 	 0.0 	14 	2 	2 	1.0 	-1013.0 	22 	5 	5 	1.0 	-1021.0 	[-2, 0] 	0
main	248 	6 	 T1T2 	 0.0 	14 	6 	6 	1.0 	-1013.0 	15 	8 	8 	1.0 	-1014.0 	[-2, 0] 	0
main	249 	6 	 T1T2 	 0.0 	14 	8 	6 	0.0 	-1013.0 	19 	4 	4 	1.0 	-1018.0 	[-2, 0] 	0
main	250 	6 	 T1T2 	 0.0 	6 	4 	4 	1.0 	-1005.0 	8 	8 	8 	1.0 	-1007.0 	[-2, 0] 	0
main	251 	6 	 T1T2 	 0.0 	6 	1 	1 	1.0 	-1005.0 	16 	9 	9 	1.0 	-1015.0 	[-2, 0] 	0
main	252 	6 	 T1T2 	 0.0 	6 	3 	3 	1.0 	-1005.0 	14 	5 	5 	1.0 	-1013.0 	[-2, 0] 	0
main	253 	6 	 T1T2 	 0.0 	6 	9 	9 	1.0 	-1005.0 	7 	3 	3 	1.0 	-1006.0 	[-2, 0] 	0
main	254 	6 	 T1T2 	 0.0 	6 	6 	1 	0.0 	-1005.0 	11 	8 	9 	0.0 	-1010.0 	[-2, 0] 	0
main	255 	6 	 T1T2 	 0.0 	10 	4 	9 	0.0 	-1009.0 	12 	9 	2 	0.0 	-1011.0 	[-2, 0] 	1
main	256 	6 	 T1T2 	 0.0 	10 	0 	4 	0.0 	-1009.0 	20 	5 	5 	1.0 	-1019.0 	[-2, 0] 	0
main	257 	6 	 T1T2 	 0.0 	10 	4 	4 	1.0 	-1009.0 	18 	6 	6 	1.0 	-1017.0 	[-2, 0] 	0
main	258 	6 	 T1T2 	 0.0 	10 	1 	1 	1.0 	-1009.0 	11 	7 	7 	1.0 	-1010.0 	[-2, 0] 	0
main	259 	6 	 T1T2 	 0.0 	10 	9 	9 	1.0 	-1009.0 	15 	7 	3 	0.0 	-1014.0 	[-2, 0] 	0
main	260 	6 	 T1T2 	 0.0 	8 	2 	2 	1.0 	-1007.0 	10 	6 	6 	1.0 	-1009.0 	[-6, 0] 	0
main	261 	6 	 T1T2 	 0.0 	8 	6 	6 	1.0 	-1007.0 	18 	8 	8 	1.0 	-1017.0 	[-6, 0] 	0
main	262 	6 	 T1T2 	 0.0 	8 	5 	6 	0.0 	-1007.0 	16 	6 	4 	0.0 	-1015.0 	[-6, 0] 	0
main	263 	6 	 T1T2 	 0.0 	8 	3 	1 	0.0 	-1007.0 	9 	1 	3 	0.0 	-1008.0 	[-6, 0] 	0
main	264 	6 	 T1T2 	 0.0 	8 	5 	5 	1.0 	-1007.0 	13 	8 	8 	1.0 	-1012.0 	[-6, 0] 	0
main	265 	6 	 T1T2 	 0.0 	14 	5 	5 	1.0 	-1013.0 	16 	2 	7 	0.0 	-1015.0 	[-6, 0] 	0
main	266 	6 	 T1T2 	 0.0 	14 	0 	0 	1.0 	-1013.0 	24 	2 	2 	1.0 	-1023.0 	[-6, 0] 	1
main	267 	6 	 T1T2 	 0.0 	14 	8 	6 	0.0 	-1013.0 	22 	2 	2 	1.0 	-1021.0 	[-6, 0] 	0
main	268 	6 	 T1T2 	 0.0 	14 	9 	1 	0.0 	-1013.0 	15 	1 	8 	0.0 	-1014.0 	[-6, 0] 	0
main	269 	6 	 T1T2 	 0.0 	14 	4 	1 	0.0 	-1013.0 	19 	6 	2 	0.0 	-1018.0 	[-6, 0] 	0
main	270 	6 	 T1T2 	 0.0 	6 	2 	2 	1.0 	-1005.0 	8 	5 	5 	1.0 	-1007.0 	[-6, 0] 	0
main	271 	6 	 T1T2 	 0.0 	6 	3 	8 	0.0 	-1005.0 	16 	1 	8 	0.0 	-1015.0 	[-6, 0] 	0
main	272 	6 	 T1T2 	 0.0 	6 	5 	5 	1.0 	-1005.0 	14 	8 	8 	1.0 	-1013.0 	[-6, 0] 	0
main	273 	6 	 T1T2 	 0.0 	6 	9 	9 	1.0 	-1005.0 	7 	4 	4 	1.0 	-1006.0 	[-6, 0] 	0
main	274 	6 	 T1T2 	 0.0 	6 	5 	5 	1.0 	-1005.0 	11 	4 	5 	0.0 	-1010.0 	[-6, 0] 	0
main	275 	6 	 T1T2 	 0.0 	10 	7 	6 	0.0 	-1009.0 	12 	5 	2 	0.0 	-1011.0 	[-6, 0] 	0
main	276 	6 	 T1T2 	 0.0 	10 	6 	6 	1.0 	-1009.0 	20 	7 	7 	1.0 	-1019.0 	[-6, 0] 	0
main	277 	6 	 T1T2 	 0.0 	10 	1 	1 	1.0 	-1009.0 	18 	7 	5 	0.0 	-1017.0 	[-6, 0] 	1
main	278 	6 	 T1T2 	 0.0 	10 	5 	2 	0.0 	-1009.0 	11 	2 	6 	0.0 	-1010.0 	[-6, 0] 	0
main	279 	6 	 T1T2 	 0.0 	10 	1 	1 	1.0 	-1009.0 	15 	3 	3 	1.0 	-1014.0 	[-6, 0] 	0
main	280 	6 	 T1T2 	 0.0 	8 	3 	3 	1.0 	-1007.0 	10 	8 	2 	0.0 	-1009.0 	[2, 0] 	0
main	281 	6 	 T1T2 	 0.0 	8 	7 	2 	0.0 	-1007.0 	18 	6 	3 	0.0 	-1017.0 	[2, 0] 	0
main	282 	6 	 T1T2 	 0.0 	8 	0 	0 	1.0 	-1007.0 	16 	1 	1 	1.0 	-1015.0 	[2, 0] 	0
main	283 	6 	 T1T2 	 0.0 	8 	4 	4 	1.0 	-1007.0 	9 	8 	7 	0.0 	-1008.0 	[2, 0] 	0
main	284 	6 	 T1T2 	 0.0 	8 	2 	2 	1.0 	-1007.0 	13 	8 	8 	1.0 	-1012.0 	[2, 0] 	0
main	285 	6 	 T1T2 	 0.0 	14 	4 	2 	0.0 	-1013.0 	16 	2 	8 	0.0 	-1015.0 	[2, 0] 	0
main	286 	6 	 T1T2 	 0.0 	14 	2 	6 	0.0 	-1013.0 	24 	4 	2 	0.0 	-1023.0 	[2, 0] 	0
main	287 	6 	 T1T2 	 0.0 	14 	1 	1 	1.0 	-1013.0 	22 	2 	2 	1.0 	-1021.0 	[2, 0] 	0
main	288 	6 	 T1T2 	 0.0 	14 	0 	0 	1.0 	-1013.0 	15 	7 	7 	1.0 	-1014.0 	[2, 0] 	0
main	289 	6 	 T1T2 	 0.0 	14 	2 	2 	1.0 	-1013.0 	19 	6 	6 	1.0 	-1018.0 	[2, 0] 	1
main	290 	6 	 T1T2 	 0.0 	6 	4 	4 	1.0 	-1005.0 	8 	5 	5 	1.0 	-1007.0 	[2, 0] 	0
main	291 	6 	 T1T2 	 0.0 	6 	2 	3 	0.0 	-1005.0 	16 	5 	5 	1.0 	-1015.0 	[2, 0] 	0
main	292 	6 	 T1T2 	 0.0 	6 	3 	3 	1.0 	-1005.0 	14 	1 	1 	1.0 	-1013.0 	[2, 0] 	0
main	293 	6 	 T1T2 	 0.0 	6 	4 	3 	0.0 	-1005.0 	7 	3 	2 	0.0 	-1006.0 	[2, 0] 	0
main	294 	6 	 T1T2 	 0.0 	6 	9 	9 	1.0 	-1005.0 	11 	8 	4 	0.0 	-1010.0 	[2, 0] 	0
main	295 	6 	 T1T2 	 0.0 	10 	5 	3 	0.0 	-1009.0 	12 	3 	5 	0.0 	-1011.0 	[2, 0] 	0
main	296 	6 	 T1T2 	 0.0 	10 	8 	8 	1.0 	-1009.0 	20 	0 	0 	1.0 	-1019.0 	[2, 0] 	0
main	297 	6 	 T1T2 	 0.0 	10 	9 	9 	1.0 	-1009.0 	18 	4 	4 	1.0 	-1017.0 	[2, 0] 	0
main	298 	6 	 T1T2 	 0.0 	10 	3 	0 	0.0 	-1009.0 	11 	0 	3 	0.0 	-1010.0 	[2, 0] 	0
main	299 	6 	 T1T2 	 0.0 	10 	0 	4 	0.0 	-1009.0 	15 	6 	6 	1.0 	-1014.0 	[2, 0] 	0
main	300 	6 	 T1T2 	 0.0 	8 	6 	9 	0.0 	-1007.0 	10 	9 	7 	0.0 	-1009.0 	[6, 0] 	1
main	301 	6 	 T1T2 	 0.0 	8 	6 	6 	1.0 	-1007.0 	18 	5 	5 	1.0 	-1017.0 	[6, 0] 	0
main	302 	6 	 T1T2 	 0.0 	8 	3 	3 	1.0 	-1007.0 	16 	1 	1 	1.0 	-1015.0 	[6, 0] 	0
main	303 	6 	 T1T2 	 0.0 	8 	2 	2 	1.0 	-1007.0 	9 	7 	8 	0.0 	-1008.0 	[6, 0] 	0
main	304 	6 	 T1T2 	 0.0 	8 	6 	6 	1.0 	-1007.0 	13 	9 	9 	1.0 	-1012.0 	[6, 0] 	0
main	305 	6 	 T1T2 	 0.0 	14 	4 	4 	1.0 	-1013.0 	16 	3 	7 	0.0 	-1015.0 	[6, 0] 	0
main	306 	6 	 T1T2 	 0.0 	14 	9 	9 	1.0 	-1013.0 	24 	4 	4 	1.0 	-1023.0 	[6, 0] 	0
main	307 	6 	 T1T2 	 0.0 	14 	8 	8 	1.0 	-1013.0 	22 	4 	4 	1.0 	-1021.0 	[6, 0] 	0
main	308 	6 	 T1T2 	 0.0 	14 	8 	4 	0.0 	-1013.0 	15 	4 	8 	0.0 	-1014.0 	[6, 0] 	0
main	309 	6 	 T1T2 	 0.0 	14 	2 	2 	1.0 	-1013.0 	19 	7 	7 	1.0 	-1018.0 	[6, 0] 	0
main	310 	6 	 T1T2 	 0.0 	6 	1 	1 	1.0 	-1005.0 	8 	5 	5 	1.0 	-1007.0 	[6, 0] 	0
main	311 	6 	 T1T2 	 0.0 	6 	4 	4 	1.0 	-1005.0 	16 	6 	6 	1.0 	-1015.0 	[6, 0] 	1
main	312 	6 	 T1T2 	 0.0 	6 	3 	3 	1.0 	-1005.0 	14 	1 	1 	1.0 	-1013.0 	[6, 0] 	0
main	313 	6 	 T1T2 	 0.0 	6 	6 	1 	0.0 	-1005.0 	7 	5 	3 	0.0 	-1006.0 	[6, 0] 	0
main	314 	6 	 T1T2 	 0.0 	6 	1 	1 	1.0 	-1005.0 	11 	2 	2 	1.0 	-1010.0 	[6, 0] 	0
main	315 	6 	 T1T2 	 0.0 	10 	3 	3 	1.0 	-1009.0 	12 	1 	1 	1.0 	-1011.0 	[6, 0] 	0
main	316 	6 	 T1T2 	 0.0 	10 	7 	8 	0.0 	-1009.0 	20 	0 	0 	1.0 	-1019.0 	[6, 0] 	0
main	317 	6 	 T1T2 	 0.0 	10 	5 	5 	1.0 	-1009.0 	18 	2 	2 	1.0 	-1017.0 	[6, 0] 	0
main	318 	6 	 T1T2 	 0.0 	10 	5 	9 	0.0 	-1009.0 	11 	0 	0 	1.0 	-1010.0 	[6, 0] 	0
main	319 	6 	 T1T2 	 0.0 	10 	3 	3 	1.0 	-1009.0 	15 	7 	7 	1.0 	-1014.0 	[6, 0] 	0
main	320 	6 	 T1T2 	 0.0 	8 	9 	9 	1.0 	-1007.0 	10 	1 	1 	1.0 	-1009.0 	[-2, 0] 	0
main	321 	6 	 T1T2 	 0.0 	8 	9 	9 	1.0 	-1007.0 	18 	7 	3 	0.0 	-1017.0 	[-2, 0] 	0
main	322 	6 	 T1T2 	 0.0 	8 	5 	5 	1.0 	-1007.0 	16 	3 	3 	1.0 	-1015.0 	[-2, 0] 	1
main	323 	6 	 T1T2 	 0.0 	8 	5 	5 	1.0 	-1007.0 	9 	4 	4 	1.0 	-1008.0 	[-2, 0] 	0
main	324 	6 	 T1T2 	 0.0 	8 	6 	6 	1.0 	-1007.0 	13 	1 	1 	1.0 	-1012.0 	[-2, 0] 	0
main	325 	6 	 T1T2 	 0.0 	14 	9 	9 	1.0 	-1013.0 	16 	8 	8 	1.0 	-1015.0 	[-2, 0] 	0
main	326 	6 	 T1T2 	 0.0 	14 	8 	8 	1.0 	-1013.0 	24 	7 	7 	1.0 	-1023.0 	[-2, 0] 	0
main	327 	6 	 T1T2 	 0.0 	14 	4 	4 	1.0 	-1013.0 	22 	0 	0 	1.0 	-1021.0 	[-2, 0] 	0
main	328 	6 	 T1T2 	 0.0 	14 	0 	0 	1.0 	-1013.0 	15 	6 	6 	1.0 	-1014.0 	[-2, 0] 	0
main	329 	6 	 T1T2 	 0.0 	14 	6 	1 	0.0 	-1013.0 	19 	1 	8 	0.0 	-1018.0 	[-2, 0] 	0
main	330 	6 	 T1T2 	 0.0 	6 	6 	1 	0.0 	-1005.0 	8 	7 	7 	1.0 	-1007.0 	[-2, 0] 	0
main	331 	6 	 T1T2 	 0.0 	6 	0 	0 	1.0 	-1005.0 	16 	3 	3 	1.0 	-1015.0 	[-2, 0] 	0
main	332 	6 	 T1T2 	 0.0 	6 	0 	2 	0.0 	-1005.0 	14 	2 	0 	0.0 	-1013.0 	[-2, 0] 	0
main	333 	6 	 T1T2 	 0.0 	6 	9 	3 	0.0 	-1005.0 	7 	2 	9 	0.0 	-1006.0 	[-2, 0] 	1
main	334 	6 	 T1T2 	 0.0 	6 	8 	2 	0.0 	-1005.0 	11 	7 	3 	0.0 	-1010.0 	[-2, 0] 	0
main	335 	6 	 T1T2 	 0.0 	10 	2 	3 	0.0 	-1009.0 	12 	0 	8 	0.0 	-1011.0 	[-2, 0] 	0
main	336 	6 	 T1T2 	 0.0 	10 	6 	3 	0.0 	-1009.0 	20 	3 	8 	0.0 	-1019.0 	[-2, 0] 	0
main	337 	6 	 T1T2 	 0.0 	10 	6 	6 	1.0 	-1009.0 	18 	5 	5 	1.0 	-1017.0 	[-2, 0] 	0
main	338 	6 	 T1T2 	 0.0 	10 	4 	6 	0.0 	-1009.0 	11 	6 	2 	0.0 	-1010.0 	[-2, 0] 	0
main	339 	6 	 T1T2 	 0.0 	10 	8 	8 	1.0 	-1009.0 	15 	5 	5 	1.0 	-1014.0 	[-2, 0] 	0
main	340 	6 	 T1T2 	 0.0 	8 	5 	4 	0.0 	-1007.0 	10 	7 	9 	0.0 	-1009.0 	[-6, 0] 	0
main	341 	6 	 T1T2 	 0.0 	8 	9 	9 	1.0 	-1007.0 	18 	6 	6 	1.0 	-1017.0 	[-6, 0] 	0
main	342 	6 	 T1T2 	 0.0 	8 	6 	4 	0.0 	-1007.0 	16 	8 	8 	1.0 	-1015.0 	[-6, 0] 	0
main	343 	6 	 T1T2 	 0.0 	8 	7 	4 	0.0 	-1007.0 	9 	8 	8 	1.0 	-1008.0 	[-6, 0] 	0
main	344 	6 	 T1T2 	 0.0 	8 	9 	9 	1.0 	-1007.0 	13 	2 	2 	1.0 	-1012.0 	[-6, 0] 	0
main	345 	6 	 T1T2 	 0.0 	14 	5 	5 	1.0 	-1013.0 	16 	0 	7 	0.0 	-1015.0 	[-6, 0] 	0
main	346 	6 	 T1T2 	 0.0 	14 	7 	7 	1.0 	-1013.0 	24 	2 	2 	1.0 	-1023.0 	[-6, 0] 	0
main	347 	6 	 T1T2 	 0.0 	14 	4 	4 	1.0 	-1013.0 	22 	9 	9 	1.0 	-1021.0 	[-6, 0] 	0
main	348 	6 	 T1T2 	 0.0 	14 	8 	6 	0.0 	-1013.0 	15 	6 	2 	0.0 	-1014.0 	[-6, 0] 	0
main	349 	6 	 T1T2 	 0.0 	14 	9 	5 	0.0 	-1013.0 	19 	5 	2 	0.0 	-1018.0 	[-6, 0] 	0
main	350 	6 	 T1T2 	 0.0 	6 	4 	5 	0.0 	-1005.0 	8 	9 	8 	0.0 	-1007.0 	[-6, 0] 	0
main	351 	6 	 T1T2 	 0.0 	6 	2 	2 	1.0 	-1005.0 	16 	3 	3 	1.0 	-1015.0 	[-6, 0] 	0
main	352 	6 	 T1T2 	 0.0 	6 	9 	9 	1.0 	-1005.0 	14 	7 	5 	0.0 	-1013.0 	[-6, 0] 	0
main	353 	6 	 T1T2 	 0.0 	6 	6 	6 	1.0 	-1005.0 	7 	1 	1 	1.0 	-1006.0 	[-6, 0] 	0
main	354 	6 	 T1T2 	 0.0 	6 	3 	3 	1.0 	-1005.0 	11 	6 	4 	0.0 	-1010.0 	[-6, 0] 	0
main	355 	6 	 T1T2 	 0.0 	10 	2 	2 	1.0 	-1009.0 	12 	8 	8 	1.0 	-1011.0 	[-6, 0] 	0
main	356 	6 	 T1T2 	 0.0 	10 	7 	7 	1.0 	-1009.0 	20 	4 	3 	0.0 	-1019.0 	[-6, 0] 	0
main	357 	6 	 T1T2 	 0.0 	10 	5 	5 	1.0 	-1009.0 	18 	1 	1 	1.0 	-1017.0 	[-6, 0] 	0
main	358 	6 	 T1T2 	 0.0 	10 	7 	7 	1.0 	-1009.0 	11 	0 	0 	1.0 	-1010.0 	[-6, 0] 	0
main	359 	6 	 T1T2 	 0.0 	10 	8 	4 	0.0 	-1009.0 	15 	6 	8 	0.0 	-1014.0 	[-6, 0] 	0
main	360 	6 	 T1T2 	 0.0 	8 	9 	1 	0.0 	-1007.0 	10 	0 	9 	0.0 	-1009.0 	[2, 0] 	0
main	361 	6 	 T1T2 	 0.0 	8 	4 	1 	0.0 	-1007.0 	18 	0 	4 	0.0 	-1017.0 	[2, 0] 	0
main	362 	6 	 T1T2 	 0.0 	8 	0 	0 	1.0 	-1007.0 	16 	1 	1 	1.0 	-1015.0 	[2, 0] 	0
main	363 	6 	 T1T2 	 0.0 	8 	9 	1 	0.0 	-1007.0 	9 	3 	9 	0.0 	-1008.0 	[2, 0] 	0
main	364 	6 	 T1T2 	 0.0 	8 	2 	1 	0.0 	-1007.0 	13 	1 	7 	0.0 	-1012.0 	[2, 0] 	0
main	365 	6 	 T1T2 	 0.0 	14 	3 	5 	0.0 	-1013.0 	16 	5 	2 	0.0 	-1015.0 	[2, 0] 	0
main	366 	6 	 T1T2 	 0.0 	14 	6 	6 	1.0 	-1013.0 	24 	7 	7 	1.0 	-1023.0 	[2, 0] 	0
main	367 	6 	 T1T2 	 0.0 	14 	8 	8 	1.0 	-1013.0 	22 	9 	9 	1.0 	-1021.0 	[2, 0] 	1
main	368 	6 	 T1T2 	 0.0 	14 	5 	6 	0.0 	-1013.0 	15 	6 	8 	0.0 	-1014.0 	[2, 0] 	0
main	369 	6 	 T1T2 	 0.0 	14 	4 	4 	1.0 	-1013.0 	19 	6 	6 	1.0 	-1018.0 	[2, 0] 	0
main	370 	6 	 T1T2 	 0.0 	6 	0 	3 	0.0 	-1005.0 	8 	3 	6 	0.0 	-1007.0 	[2, 0] 	0
main	371 	6 	 T1T2 	 0.0 	6 	0 	6 	0.0 	-1005.0 	16 	1 	1 	1.0 	-1015.0 	[2, 0] 	0
main	372 	6 	 T1T2 	 0.0 	6 	7 	0 	0.0 	-1005.0 	14 	9 	9 	1.0 	-1013.0 	[2, 0] 	0
main	373 	6 	 T1T2 	 0.0 	6 	0 	1 	0.0 	-1005.0 	7 	3 	5 	0.0 	-1006.0 	[2, 0] 	0
main	374 	6 	 T1T2 	 0.0 	6 	0 	4 	0.0 	-1005.0 	11 	2 	0 	0.0 	-1010.0 	[2, 0] 	0
main	375 	6 	 T1T2 	 0.0 	10 	9 	9 	1.0 	-1009.0 	12 	7 	1 	0.0 	-1011.0 	[2, 0] 	0
main	376 	6 	 T1T2 	 0.0 	10 	6 	8 	0.0 	-1009.0 	20 	2 	3 	0.0 	-1019.0 	[2, 0] 	0
main	377 	6 	 T1T2 	 0.0 	10 	2 	2 	1.0 	-1009.0 	18 	5 	5 	1.0 	-1017.0 	[2, 0] 	0
main	378 	6 	 T1T2 	 0.0 	10 	3 	4 	0.0 	-1009.0 	11 	9 	9 	1.0 	-1010.0 	[2, 0] 	1
main	379 	6 	 T1T2 	 0.0 	10 	0 	0 	1.0 	-1009.0 	15 	8 	8 	1.0 	-1014.0 	[2, 0] 	0
main	380 	6 	 T1T2 	 0.0 	8 	1 	1 	1.0 	-1007.0 	10 	3 	3 	1.0 	-1009.0 	[6, 0] 	0
main	381 	6 	 T1T2 	 0.0 	8 	0 	2 	0.0 	-1007.0 	18 	4 	4 	1.0 	-1017.0 	[6, 0] 	0
main	382 	6 	 T1T2 	 0.0 	8 	6 	1 	0.0 	-1007.0 	16 	3 	4 	0.0 	-1015.0 	[6, 0] 	0
main	383 	6 	 T1T2 	 0.0 	8 	0 	1 	0.0 	-1007.0 	9 	1 	9 	0.0 	-1008.0 	[6, 0] 	0
main	384 	6 	 T1T2 	 0.0 	8 	8 	1 	0.0 	-1007.0 	13 	6 	4 	0.0 	-1012.0 	[6, 0] 	0
main	385 	6 	 T1T2 	 0.0 	14 	9 	9 	1.0 	-1013.0 	16 	6 	5 	0.0 	-1015.0 	[6, 0] 	0
main	386 	6 	 T1T2 	 0.0 	14 	1 	1 	1.0 	-1013.0 	24 	0 	0 	1.0 	-1023.0 	[6, 0] 	0
main	387 	6 	 T1T2 	 0.0 	14 	8 	8 	1.0 	-1013.0 	22 	9 	9 	1.0 	-1021.0 	[6, 0] 	0
main	388 	6 	 T1T2 	 0.0 	14 	7 	3 	0.0 	-1013.0 	15 	3 	7 	0.0 	-1014.0 	[6, 0] 	0
main	389 	6 	 T1T2 	 0.0 	14 	3 	3 	1.0 	-1013.0 	19 	1 	1 	1.0 	-1018.0 	[6, 0] 	1
main	390 	6 	 T1T2 	 0.0 	6 	5 	1 	0.0 	-1005.0 	8 	1 	3 	0.0 	-1007.0 	[6, 0] 	0
main	391 	6 	 T1T2 	 0.0 	6 	6 	1 	0.0 	-1005.0 	16 	8 	8 	1.0 	-1015.0 	[6, 0] 	0
main	392 	6 	 T1T2 	 0.0 	6 	6 	6 	1.0 	-1005.0 	14 	5 	5 	1.0 	-1013.0 	[6, 0] 	0
main	393 	6 	 T1T2 	 0.0 	6 	0 	9 	0.0 	-1005.0 	7 	9 	0 	0.0 	-1006.0 	[6, 0] 	0
main	394 	6 	 T1T2 	 0.0 	6 	2 	0 	0.0 	-1005.0 	11 	8 	1 	0.0 	-1010.0 	[6, 0] 	0
main	395 	6 	 T1T2 	 0.0 	10 	5 	2 	0.0 	-1009.0 	12 	9 	8 	0.0 	-1011.0 	[6, 0] 	0
main	396 	6 	 T1T2 	 0.0 	10 	2 	2 	1.0 	-1009.0 	20 	6 	6 	1.0 	-1019.0 	[6, 0] 	0
main	397 	6 	 T1T2 	 0.0 	10 	3 	3 	1.0 	-1009.0 	18 	9 	9 	1.0 	-1017.0 	[6, 0] 	0
main	398 	6 	 T1T2 	 0.0 	10 	4 	3 	0.0 	-1009.0 	11 	8 	8 	1.0 	-1010.0 	[6, 0] 	0
main	399 	6 	 T1T2 	 0.0 	10 	4 	4 	1.0 	-1009.0 	15 	7 	7 	1.0 	-1014.0 	[6, 0] 	0
