experimentPhase	trialnum	subject	task	noisePercent	answerPos0	answer0	response0	correct0	responsePosRelative0	answerPos1	answer1	response1	correct1	responsePosRelative1	spatialPos	
timingBlips
main	0 	7 	 T1T2 	 0.0 	14 	5 	5 	1.0 	-1013.0 	22 	8 	8 	1.0 	-1021.0 	[2, 0] 	0
main	1 	7 	 T1T2 	 0.0 	14 	6 	6 	1.0 	-1013.0 	16 	3 	3 	1.0 	-1015.0 	[2, 0] 	0
main	2 	7 	 T1T2 	 0.0 	14 	3 	3 	1.0 	-1013.0 	15 	7 	7 	1.0 	-1014.0 	[2, 0] 	0
main	3 	7 	 T1T2 	 0.0 	14 	5 	5 	1.0 	-1013.0 	24 	0 	2 	0.0 	-1023.0 	[2, 0] 	0
main	4 	7 	 T1T2 	 0.0 	14 	1 	1 	1.0 	-1013.0 	19 	4 	4 	1.0 	-1018.0 	[2, 0] 	0
main	5 	7 	 T1T2 	 0.0 	6 	2 	2 	1.0 	-1005.0 	14 	5 	5 	1.0 	-1013.0 	[2, 0] 	0
main	6 	7 	 T1T2 	 0.0 	6 	1 	1 	1.0 	-1005.0 	8 	2 	2 	1.0 	-1007.0 	[2, 0] 	0
main	7 	7 	 T1T2 	 0.0 	6 	5 	5 	1.0 	-1005.0 	7 	6 	6 	1.0 	-1006.0 	[2, 0] 	0
main	8 	7 	 T1T2 	 0.0 	6 	7 	7 	1.0 	-1005.0 	16 	4 	4 	1.0 	-1015.0 	[2, 0] 	0
main	9 	7 	 T1T2 	 0.0 	6 	8 	8 	1.0 	-1005.0 	11 	9 	9 	1.0 	-1010.0 	[2, 0] 	0
main	10 	7 	 T1T2 	 0.0 	8 	3 	3 	1.0 	-1007.0 	16 	4 	4 	1.0 	-1015.0 	[2, 0] 	0
main	11 	7 	 T1T2 	 0.0 	8 	8 	8 	1.0 	-1007.0 	10 	4 	4 	1.0 	-1009.0 	[2, 0] 	0
main	12 	7 	 T1T2 	 0.0 	8 	3 	3 	1.0 	-1007.0 	9 	5 	5 	1.0 	-1008.0 	[2, 0] 	0
main	13 	7 	 T1T2 	 0.0 	8 	0 	2 	0.0 	-1007.0 	18 	3 	3 	1.0 	-1017.0 	[2, 0] 	0
main	14 	7 	 T1T2 	 0.0 	8 	3 	3 	1.0 	-1007.0 	13 	4 	4 	1.0 	-1012.0 	[2, 0] 	0
main	15 	7 	 T1T2 	 0.0 	10 	3 	3 	1.0 	-1009.0 	18 	1 	1 	1.0 	-1017.0 	[2, 0] 	0
main	16 	7 	 T1T2 	 0.0 	10 	0 	1 	0.0 	-1009.0 	12 	9 	0 	0.0 	-1011.0 	[2, 0] 	0
main	17 	7 	 T1T2 	 0.0 	10 	1 	1 	1.0 	-1009.0 	11 	6 	6 	1.0 	-1010.0 	[2, 0] 	0
main	18 	7 	 T1T2 	 0.0 	10 	6 	6 	1.0 	-1009.0 	20 	1 	1 	1.0 	-1019.0 	[2, 0] 	0
main	19 	7 	 T1T2 	 0.0 	10 	8 	8 	1.0 	-1009.0 	15 	7 	7 	1.0 	-1014.0 	[2, 0] 	0
main	20 	7 	 T1T2 	 0.0 	14 	5 	5 	1.0 	-1013.0 	22 	2 	2 	1.0 	-1021.0 	[6, 0] 	19
main	21 	7 	 T1T2 	 0.0 	14 	6 	6 	1.0 	-1013.0 	16 	3 	3 	1.0 	-1015.0 	[6, 0] 	0
main	22 	7 	 T1T2 	 0.0 	14 	9 	0 	0.0 	-1013.0 	15 	0 	9 	0.0 	-1014.0 	[6, 0] 	0
main	23 	7 	 T1T2 	 0.0 	14 	1 	1 	1.0 	-1013.0 	24 	8 	8 	1.0 	-1023.0 	[6, 0] 	0
main	24 	7 	 T1T2 	 0.0 	14 	2 	1 	0.0 	-1013.0 	19 	9 	9 	1.0 	-1018.0 	[6, 0] 	0
main	25 	7 	 T1T2 	 0.0 	6 	1 	1 	1.0 	-1005.0 	14 	8 	8 	1.0 	-1013.0 	[6, 0] 	0
main	26 	7 	 T1T2 	 0.0 	6 	6 	6 	1.0 	-1005.0 	8 	3 	3 	1.0 	-1007.0 	[6, 0] 	0
main	27 	7 	 T1T2 	 0.0 	6 	0 	2 	0.0 	-1005.0 	7 	2 	0 	0.0 	-1006.0 	[6, 0] 	0
main	28 	7 	 T1T2 	 0.0 	6 	4 	4 	1.0 	-1005.0 	16 	2 	2 	1.0 	-1015.0 	[6, 0] 	0
main	29 	7 	 T1T2 	 0.0 	6 	3 	3 	1.0 	-1005.0 	11 	6 	0 	0.0 	-1010.0 	[6, 0] 	0
main	30 	7 	 T1T2 	 0.0 	8 	5 	5 	1.0 	-1007.0 	16 	8 	8 	1.0 	-1015.0 	[6, 0] 	0
main	31 	7 	 T1T2 	 0.0 	8 	2 	2 	1.0 	-1007.0 	10 	5 	5 	1.0 	-1009.0 	[6, 0] 	0
main	32 	7 	 T1T2 	 0.0 	8 	5 	5 	1.0 	-1007.0 	9 	0 	0 	1.0 	-1008.0 	[6, 0] 	0
main	33 	7 	 T1T2 	 0.0 	8 	2 	2 	1.0 	-1007.0 	18 	5 	5 	1.0 	-1017.0 	[6, 0] 	0
main	34 	7 	 T1T2 	 0.0 	8 	8 	8 	1.0 	-1007.0 	13 	2 	2 	1.0 	-1012.0 	[6, 0] 	0
main	35 	7 	 T1T2 	 0.0 	10 	1 	5 	0.0 	-1009.0 	18 	5 	1 	0.0 	-1017.0 	[6, 0] 	0
main	36 	7 	 T1T2 	 0.0 	10 	9 	9 	1.0 	-1009.0 	12 	3 	3 	1.0 	-1011.0 	[6, 0] 	0
main	37 	7 	 T1T2 	 0.0 	10 	1 	1 	1.0 	-1009.0 	11 	8 	8 	1.0 	-1010.0 	[6, 0] 	0
main	38 	7 	 T1T2 	 0.0 	10 	1 	1 	1.0 	-1009.0 	20 	3 	5 	0.0 	-1019.0 	[6, 0] 	0
main	39 	7 	 T1T2 	 0.0 	10 	9 	9 	1.0 	-1009.0 	15 	7 	1 	0.0 	-1014.0 	[6, 0] 	0
main	40 	7 	 T1T2 	 0.0 	14 	6 	6 	1.0 	-1013.0 	22 	5 	5 	1.0 	-1021.0 	[-6, 0] 	0
main	41 	7 	 T1T2 	 0.0 	14 	1 	1 	1.0 	-1013.0 	16 	3 	3 	1.0 	-1015.0 	[-6, 0] 	0
main	42 	7 	 T1T2 	 0.0 	14 	8 	0 	0.0 	-1013.0 	15 	9 	3 	0.0 	-1014.0 	[-6, 0] 	0
main	43 	7 	 T1T2 	 0.0 	14 	9 	9 	1.0 	-1013.0 	24 	8 	8 	1.0 	-1023.0 	[-6, 0] 	0
main	44 	7 	 T1T2 	 0.0 	14 	1 	1 	1.0 	-1013.0 	19 	3 	3 	1.0 	-1018.0 	[-6, 0] 	0
main	45 	7 	 T1T2 	 0.0 	6 	9 	9 	1.0 	-1005.0 	14 	4 	4 	1.0 	-1013.0 	[-6, 0] 	0
main	46 	7 	 T1T2 	 0.0 	6 	3 	3 	1.0 	-1005.0 	8 	4 	4 	1.0 	-1007.0 	[-6, 0] 	0
main	47 	7 	 T1T2 	 0.0 	6 	6 	5 	0.0 	-1005.0 	7 	5 	6 	0.0 	-1006.0 	[-6, 0] 	0
main	48 	7 	 T1T2 	 0.0 	6 	4 	4 	1.0 	-1005.0 	16 	3 	3 	1.0 	-1015.0 	[-6, 0] 	0
main	49 	7 	 T1T2 	 0.0 	6 	6 	5 	0.0 	-1005.0 	11 	5 	2 	0.0 	-1010.0 	[-6, 0] 	0
main	50 	7 	 T1T2 	 0.0 	8 	8 	8 	1.0 	-1007.0 	16 	0 	1 	0.0 	-1015.0 	[-6, 0] 	0
main	51 	7 	 T1T2 	 0.0 	8 	7 	2 	0.0 	-1007.0 	10 	2 	6 	0.0 	-1009.0 	[-6, 0] 	0
main	52 	7 	 T1T2 	 0.0 	8 	3 	2 	0.0 	-1007.0 	9 	9 	0 	0.0 	-1008.0 	[-6, 0] 	0
main	53 	7 	 T1T2 	 0.0 	8 	6 	6 	1.0 	-1007.0 	18 	7 	7 	1.0 	-1017.0 	[-6, 0] 	0
main	54 	7 	 T1T2 	 0.0 	8 	0 	1 	0.0 	-1007.0 	13 	3 	3 	1.0 	-1012.0 	[-6, 0] 	0
main	55 	7 	 T1T2 	 0.0 	10 	1 	1 	1.0 	-1009.0 	18 	2 	2 	1.0 	-1017.0 	[-6, 0] 	0
main	56 	7 	 T1T2 	 0.0 	10 	2 	2 	1.0 	-1009.0 	12 	3 	3 	1.0 	-1011.0 	[-6, 0] 	0
main	57 	7 	 T1T2 	 0.0 	10 	0 	5 	0.0 	-1009.0 	11 	3 	3 	1.0 	-1010.0 	[-6, 0] 	0
main	58 	7 	 T1T2 	 0.0 	10 	3 	7 	0.0 	-1009.0 	20 	0 	3 	0.0 	-1019.0 	[-6, 0] 	0
main	59 	7 	 T1T2 	 0.0 	10 	8 	8 	1.0 	-1009.0 	15 	0 	1 	0.0 	-1014.0 	[-6, 0] 	0
main	60 	7 	 T1T2 	 0.0 	14 	8 	8 	1.0 	-1013.0 	22 	9 	9 	1.0 	-1021.0 	[-2, 0] 	0
main	61 	7 	 T1T2 	 0.0 	14 	0 	0 	1.0 	-1013.0 	16 	8 	8 	1.0 	-1015.0 	[-2, 0] 	1
main	62 	7 	 T1T2 	 0.0 	14 	9 	9 	1.0 	-1013.0 	15 	1 	1 	1.0 	-1014.0 	[-2, 0] 	0
main	63 	7 	 T1T2 	 0.0 	14 	9 	9 	1.0 	-1013.0 	24 	5 	5 	1.0 	-1023.0 	[-2, 0] 	0
main	64 	7 	 T1T2 	 0.0 	14 	6 	6 	1.0 	-1013.0 	19 	8 	3 	0.0 	-1018.0 	[-2, 0] 	0
main	65 	7 	 T1T2 	 0.0 	6 	7 	7 	1.0 	-1005.0 	14 	6 	6 	1.0 	-1013.0 	[-2, 0] 	0
main	66 	7 	 T1T2 	 0.0 	6 	5 	5 	1.0 	-1005.0 	8 	4 	4 	1.0 	-1007.0 	[-2, 0] 	0
main	67 	7 	 T1T2 	 0.0 	6 	9 	9 	1.0 	-1005.0 	7 	3 	3 	1.0 	-1006.0 	[-2, 0] 	0
main	68 	7 	 T1T2 	 0.0 	6 	8 	8 	1.0 	-1005.0 	16 	9 	9 	1.0 	-1015.0 	[-2, 0] 	0
main	69 	7 	 T1T2 	 0.0 	6 	8 	8 	1.0 	-1005.0 	11 	2 	2 	1.0 	-1010.0 	[-2, 0] 	0
main	70 	7 	 T1T2 	 0.0 	8 	8 	8 	1.0 	-1007.0 	16 	6 	0 	0.0 	-1015.0 	[-2, 0] 	0
main	71 	7 	 T1T2 	 0.0 	8 	7 	3 	0.0 	-1007.0 	10 	3 	8 	0.0 	-1009.0 	[-2, 0] 	0
main	72 	7 	 T1T2 	 0.0 	8 	6 	6 	1.0 	-1007.0 	9 	0 	0 	1.0 	-1008.0 	[-2, 0] 	0
main	73 	7 	 T1T2 	 0.0 	8 	1 	1 	1.0 	-1007.0 	18 	4 	4 	1.0 	-1017.0 	[-2, 0] 	1
main	74 	7 	 T1T2 	 0.0 	8 	0 	3 	0.0 	-1007.0 	13 	8 	8 	1.0 	-1012.0 	[-2, 0] 	0
main	75 	7 	 T1T2 	 0.0 	10 	3 	3 	1.0 	-1009.0 	18 	9 	9 	1.0 	-1017.0 	[-2, 0] 	0
main	76 	7 	 T1T2 	 0.0 	10 	6 	3 	0.0 	-1009.0 	12 	8 	3 	0.0 	-1011.0 	[-2, 0] 	0
main	77 	7 	 T1T2 	 0.0 	10 	6 	6 	1.0 	-1009.0 	11 	8 	8 	1.0 	-1010.0 	[-2, 0] 	0
main	78 	7 	 T1T2 	 0.0 	10 	8 	8 	1.0 	-1009.0 	20 	0 	0 	1.0 	-1019.0 	[-2, 0] 	0
main	79 	7 	 T1T2 	 0.0 	10 	1 	1 	1.0 	-1009.0 	15 	8 	8 	1.0 	-1014.0 	[-2, 0] 	0
main	80 	7 	 T1T2 	 0.0 	14 	5 	5 	1.0 	-1013.0 	22 	3 	3 	1.0 	-1021.0 	[2, 0] 	0
main	81 	7 	 T1T2 	 0.0 	14 	6 	6 	1.0 	-1013.0 	16 	9 	7 	0.0 	-1015.0 	[2, 0] 	0
main	82 	7 	 T1T2 	 0.0 	14 	8 	6 	0.0 	-1013.0 	15 	6 	8 	0.0 	-1014.0 	[2, 0] 	0
main	83 	7 	 T1T2 	 0.0 	14 	3 	3 	1.0 	-1013.0 	24 	0 	1 	0.0 	-1023.0 	[2, 0] 	0
main	84 	7 	 T1T2 	 0.0 	14 	4 	4 	1.0 	-1013.0 	19 	7 	7 	1.0 	-1018.0 	[2, 0] 	0
main	85 	7 	 T1T2 	 0.0 	6 	0 	5 	0.0 	-1005.0 	14 	5 	7 	0.0 	-1013.0 	[2, 0] 	0
main	86 	7 	 T1T2 	 0.0 	6 	2 	2 	1.0 	-1005.0 	8 	6 	1 	0.0 	-1007.0 	[2, 0] 	0
main	87 	7 	 T1T2 	 0.0 	6 	5 	5 	1.0 	-1005.0 	7 	8 	8 	1.0 	-1006.0 	[2, 0] 	0
main	88 	7 	 T1T2 	 0.0 	6 	9 	9 	1.0 	-1005.0 	16 	0 	1 	0.0 	-1015.0 	[2, 0] 	0
main	89 	7 	 T1T2 	 0.0 	6 	7 	7 	1.0 	-1005.0 	11 	8 	8 	1.0 	-1010.0 	[2, 0] 	0
main	90 	7 	 T1T2 	 0.0 	8 	6 	6 	1.0 	-1007.0 	16 	4 	4 	1.0 	-1015.0 	[2, 0] 	0
main	91 	7 	 T1T2 	 0.0 	8 	9 	1 	0.0 	-1007.0 	10 	0 	1 	0.0 	-1009.0 	[2, 0] 	0
main	92 	7 	 T1T2 	 0.0 	8 	2 	2 	1.0 	-1007.0 	9 	4 	4 	1.0 	-1008.0 	[2, 0] 	0
main	93 	7 	 T1T2 	 0.0 	8 	9 	1 	0.0 	-1007.0 	18 	3 	4 	0.0 	-1017.0 	[2, 0] 	0
main	94 	7 	 T1T2 	 0.0 	8 	1 	1 	1.0 	-1007.0 	13 	2 	2 	1.0 	-1012.0 	[2, 0] 	0
main	95 	7 	 T1T2 	 0.0 	10 	4 	4 	1.0 	-1009.0 	18 	9 	9 	1.0 	-1017.0 	[2, 0] 	0
main	96 	7 	 T1T2 	 0.0 	10 	7 	7 	1.0 	-1009.0 	12 	8 	4 	0.0 	-1011.0 	[2, 0] 	0
main	97 	7 	 T1T2 	 0.0 	10 	2 	2 	1.0 	-1009.0 	11 	5 	5 	1.0 	-1010.0 	[2, 0] 	0
main	98 	7 	 T1T2 	 0.0 	10 	4 	6 	0.0 	-1009.0 	20 	1 	3 	0.0 	-1019.0 	[2, 0] 	0
main	99 	7 	 T1T2 	 0.0 	10 	5 	5 	1.0 	-1009.0 	15 	6 	6 	1.0 	-1014.0 	[2, 0] 	0
main	100 	7 	 T1T2 	 0.0 	14 	7 	7 	1.0 	-1013.0 	22 	4 	4 	1.0 	-1021.0 	[6, 0] 	0
main	101 	7 	 T1T2 	 0.0 	14 	0 	0 	1.0 	-1013.0 	16 	4 	4 	1.0 	-1015.0 	[6, 0] 	0
main	102 	7 	 T1T2 	 0.0 	14 	7 	7 	1.0 	-1013.0 	15 	0 	4 	0.0 	-1014.0 	[6, 0] 	0
main	103 	7 	 T1T2 	 0.0 	14 	8 	7 	0.0 	-1013.0 	24 	4 	1 	0.0 	-1023.0 	[6, 0] 	0
main	104 	7 	 T1T2 	 0.0 	14 	2 	8 	0.0 	-1013.0 	19 	6 	3 	0.0 	-1018.0 	[6, 0] 	0
main	105 	7 	 T1T2 	 0.0 	6 	8 	8 	1.0 	-1005.0 	14 	7 	7 	1.0 	-1013.0 	[6, 0] 	0
main	106 	7 	 T1T2 	 0.0 	6 	9 	9 	1.0 	-1005.0 	8 	5 	5 	1.0 	-1007.0 	[6, 0] 	4
main	107 	7 	 T1T2 	 0.0 	6 	1 	7 	0.0 	-1005.0 	7 	6 	9 	0.0 	-1006.0 	[6, 0] 	0
main	108 	7 	 T1T2 	 0.0 	6 	7 	7 	1.0 	-1005.0 	16 	4 	4 	1.0 	-1015.0 	[6, 0] 	0
main	109 	7 	 T1T2 	 0.0 	6 	4 	7 	0.0 	-1005.0 	11 	3 	4 	0.0 	-1010.0 	[6, 0] 	0
main	110 	7 	 T1T2 	 0.0 	8 	9 	9 	1.0 	-1007.0 	16 	6 	4 	0.0 	-1015.0 	[6, 0] 	0
main	111 	7 	 T1T2 	 0.0 	8 	4 	1 	0.0 	-1007.0 	10 	6 	7 	0.0 	-1009.0 	[6, 0] 	0
main	112 	7 	 T1T2 	 0.0 	8 	6 	5 	0.0 	-1007.0 	9 	5 	6 	0.0 	-1008.0 	[6, 0] 	0
main	113 	7 	 T1T2 	 0.0 	8 	9 	1 	0.0 	-1007.0 	18 	3 	7 	0.0 	-1017.0 	[6, 0] 	0
main	114 	7 	 T1T2 	 0.0 	8 	1 	1 	1.0 	-1007.0 	13 	3 	6 	0.0 	-1012.0 	[6, 0] 	0
main	115 	7 	 T1T2 	 0.0 	10 	2 	2 	1.0 	-1009.0 	18 	8 	8 	1.0 	-1017.0 	[6, 0] 	0
main	116 	7 	 T1T2 	 0.0 	10 	9 	5 	0.0 	-1009.0 	12 	5 	3 	0.0 	-1011.0 	[6, 0] 	0
main	117 	7 	 T1T2 	 0.0 	10 	2 	2 	1.0 	-1009.0 	11 	4 	4 	1.0 	-1010.0 	[6, 0] 	0
main	118 	7 	 T1T2 	 0.0 	10 	1 	1 	1.0 	-1009.0 	20 	8 	8 	1.0 	-1019.0 	[6, 0] 	0
main	119 	7 	 T1T2 	 0.0 	10 	0 	0 	1.0 	-1009.0 	15 	7 	6 	0.0 	-1014.0 	[6, 0] 	0
main	120 	7 	 T1T2 	 0.0 	14 	4 	4 	1.0 	-1013.0 	22 	2 	2 	1.0 	-1021.0 	[-6, 0] 	0
main	121 	7 	 T1T2 	 0.0 	14 	6 	6 	1.0 	-1013.0 	16 	4 	3 	0.0 	-1015.0 	[-6, 0] 	0
main	122 	7 	 T1T2 	 0.0 	14 	5 	5 	1.0 	-1013.0 	15 	1 	1 	1.0 	-1014.0 	[-6, 0] 	0
main	123 	7 	 T1T2 	 0.0 	14 	8 	7 	0.0 	-1013.0 	24 	0 	0 	1.0 	-1023.0 	[-6, 0] 	0
main	124 	7 	 T1T2 	 0.0 	14 	0 	4 	0.0 	-1013.0 	19 	2 	6 	0.0 	-1018.0 	[-6, 0] 	0
main	125 	7 	 T1T2 	 0.0 	6 	1 	1 	1.0 	-1005.0 	14 	4 	4 	1.0 	-1013.0 	[-6, 0] 	0
main	126 	7 	 T1T2 	 0.0 	6 	8 	3 	0.0 	-1005.0 	8 	9 	5 	0.0 	-1007.0 	[-6, 0] 	0
main	127 	7 	 T1T2 	 0.0 	6 	5 	5 	1.0 	-1005.0 	7 	4 	4 	1.0 	-1006.0 	[-6, 0] 	0
main	128 	7 	 T1T2 	 0.0 	6 	4 	1 	0.0 	-1005.0 	16 	6 	3 	0.0 	-1015.0 	[-6, 0] 	0
main	129 	7 	 T1T2 	 0.0 	6 	0 	2 	0.0 	-1005.0 	11 	5 	5 	1.0 	-1010.0 	[-6, 0] 	0
main	130 	7 	 T1T2 	 0.0 	8 	4 	7 	0.0 	-1007.0 	16 	7 	3 	0.0 	-1015.0 	[-6, 0] 	0
main	131 	7 	 T1T2 	 0.0 	8 	4 	4 	1.0 	-1007.0 	10 	6 	6 	1.0 	-1009.0 	[-6, 0] 	0
main	132 	7 	 T1T2 	 0.0 	8 	0 	3 	0.0 	-1007.0 	9 	3 	1 	0.0 	-1008.0 	[-6, 0] 	0
main	133 	7 	 T1T2 	 0.0 	8 	9 	9 	1.0 	-1007.0 	18 	3 	5 	0.0 	-1017.0 	[-6, 0] 	0
main	134 	7 	 T1T2 	 0.0 	8 	8 	9 	0.0 	-1007.0 	13 	6 	4 	0.0 	-1012.0 	[-6, 0] 	0
main	135 	7 	 T1T2 	 0.0 	10 	6 	6 	1.0 	-1009.0 	18 	3 	3 	1.0 	-1017.0 	[-6, 0] 	0
main	136 	7 	 T1T2 	 0.0 	10 	7 	6 	0.0 	-1009.0 	12 	5 	1 	0.0 	-1011.0 	[-6, 0] 	0
main	137 	7 	 T1T2 	 0.0 	10 	7 	7 	1.0 	-1009.0 	11 	1 	1 	1.0 	-1010.0 	[-6, 0] 	0
main	138 	7 	 T1T2 	 0.0 	10 	0 	5 	0.0 	-1009.0 	20 	4 	2 	0.0 	-1019.0 	[-6, 0] 	0
main	139 	7 	 T1T2 	 0.0 	10 	4 	4 	1.0 	-1009.0 	15 	6 	6 	1.0 	-1014.0 	[-6, 0] 	0
main	140 	7 	 T1T2 	 0.0 	14 	1 	2 	0.0 	-1013.0 	22 	7 	7 	1.0 	-1021.0 	[-2, 0] 	0
main	141 	7 	 T1T2 	 0.0 	14 	7 	8 	0.0 	-1013.0 	16 	9 	9 	1.0 	-1015.0 	[-2, 0] 	0
main	142 	7 	 T1T2 	 0.0 	14 	6 	8 	0.0 	-1013.0 	15 	3 	4 	0.0 	-1014.0 	[-2, 0] 	0
main	143 	7 	 T1T2 	 0.0 	14 	4 	3 	0.0 	-1013.0 	24 	7 	7 	1.0 	-1023.0 	[-2, 0] 	0
main	144 	7 	 T1T2 	 0.0 	14 	9 	9 	1.0 	-1013.0 	19 	3 	3 	1.0 	-1018.0 	[-2, 0] 	0
main	145 	7 	 T1T2 	 0.0 	6 	5 	7 	0.0 	-1005.0 	14 	7 	1 	0.0 	-1013.0 	[-2, 0] 	0
main	146 	7 	 T1T2 	 0.0 	6 	3 	1 	0.0 	-1005.0 	8 	1 	3 	0.0 	-1007.0 	[-2, 0] 	0
main	147 	7 	 T1T2 	 0.0 	6 	6 	2 	0.0 	-1005.0 	7 	4 	4 	1.0 	-1006.0 	[-2, 0] 	0
main	148 	7 	 T1T2 	 0.0 	6 	8 	1 	0.0 	-1005.0 	16 	9 	9 	1.0 	-1015.0 	[-2, 0] 	27
main	149 	7 	 T1T2 	 0.0 	6 	4 	8 	0.0 	-1005.0 	11 	8 	9 	0.0 	-1010.0 	[-2, 0] 	0
main	150 	7 	 T1T2 	 0.0 	8 	6 	6 	1.0 	-1007.0 	16 	3 	3 	1.0 	-1015.0 	[-2, 0] 	0
main	151 	7 	 T1T2 	 0.0 	8 	8 	8 	1.0 	-1007.0 	10 	9 	9 	1.0 	-1009.0 	[-2, 0] 	1
main	152 	7 	 T1T2 	 0.0 	8 	3 	3 	1.0 	-1007.0 	9 	4 	4 	1.0 	-1008.0 	[-2, 0] 	0
main	153 	7 	 T1T2 	 0.0 	8 	7 	5 	0.0 	-1007.0 	18 	9 	1 	0.0 	-1017.0 	[-2, 0] 	0
main	154 	7 	 T1T2 	 0.0 	8 	3 	3 	1.0 	-1007.0 	13 	1 	1 	1.0 	-1012.0 	[-2, 0] 	0
main	155 	7 	 T1T2 	 0.0 	10 	8 	8 	1.0 	-1009.0 	18 	9 	9 	1.0 	-1017.0 	[-2, 0] 	0
main	156 	7 	 T1T2 	 0.0 	10 	0 	2 	0.0 	-1009.0 	12 	2 	8 	0.0 	-1011.0 	[-2, 0] 	9
main	157 	7 	 T1T2 	 0.0 	10 	5 	5 	1.0 	-1009.0 	11 	7 	7 	1.0 	-1010.0 	[-2, 0] 	0
main	158 	7 	 T1T2 	 0.0 	10 	2 	2 	1.0 	-1009.0 	20 	7 	7 	1.0 	-1019.0 	[-2, 0] 	0
main	159 	7 	 T1T2 	 0.0 	10 	7 	7 	1.0 	-1009.0 	15 	3 	3 	1.0 	-1014.0 	[-2, 0] 	0
main	160 	7 	 T1T2 	 0.0 	14 	5 	5 	1.0 	-1013.0 	22 	3 	3 	1.0 	-1021.0 	[2, 0] 	0
main	161 	7 	 T1T2 	 0.0 	14 	2 	2 	1.0 	-1013.0 	16 	8 	1 	0.0 	-1015.0 	[2, 0] 	0
main	162 	7 	 T1T2 	 0.0 	14 	9 	1 	0.0 	-1013.0 	15 	1 	9 	0.0 	-1014.0 	[2, 0] 	0
main	163 	7 	 T1T2 	 0.0 	14 	9 	1 	0.0 	-1013.0 	24 	2 	2 	1.0 	-1023.0 	[2, 0] 	0
main	164 	7 	 T1T2 	 0.0 	14 	9 	1 	0.0 	-1013.0 	19 	3 	9 	0.0 	-1018.0 	[2, 0] 	0
main	165 	7 	 T1T2 	 0.0 	6 	4 	4 	1.0 	-1005.0 	14 	2 	2 	1.0 	-1013.0 	[2, 0] 	0
main	166 	7 	 T1T2 	 0.0 	6 	0 	3 	0.0 	-1005.0 	8 	3 	5 	0.0 	-1007.0 	[2, 0] 	0
main	167 	7 	 T1T2 	 0.0 	6 	7 	1 	0.0 	-1005.0 	7 	2 	2 	1.0 	-1006.0 	[2, 0] 	0
main	168 	7 	 T1T2 	 0.0 	6 	8 	1 	0.0 	-1005.0 	16 	5 	6 	0.0 	-1015.0 	[2, 0] 	0
main	169 	7 	 T1T2 	 0.0 	6 	3 	3 	1.0 	-1005.0 	11 	2 	2 	1.0 	-1010.0 	[2, 0] 	0
main	170 	7 	 T1T2 	 0.0 	8 	9 	9 	1.0 	-1007.0 	16 	1 	1 	1.0 	-1015.0 	[2, 0] 	0
main	171 	7 	 T1T2 	 0.0 	8 	8 	8 	1.0 	-1007.0 	10 	2 	2 	1.0 	-1009.0 	[2, 0] 	0
main	172 	7 	 T1T2 	 0.0 	8 	0 	8 	0.0 	-1007.0 	9 	8 	1 	0.0 	-1008.0 	[2, 0] 	0
main	173 	7 	 T1T2 	 0.0 	8 	4 	4 	1.0 	-1007.0 	18 	2 	2 	1.0 	-1017.0 	[2, 0] 	0
main	174 	7 	 T1T2 	 0.0 	8 	1 	1 	1.0 	-1007.0 	13 	8 	7 	0.0 	-1012.0 	[2, 0] 	0
main	175 	7 	 T1T2 	 0.0 	10 	3 	8 	0.0 	-1009.0 	18 	7 	7 	1.0 	-1017.0 	[2, 0] 	0
main	176 	7 	 T1T2 	 0.0 	10 	4 	6 	0.0 	-1009.0 	12 	9 	2 	0.0 	-1011.0 	[2, 0] 	0
main	177 	7 	 T1T2 	 0.0 	10 	9 	9 	1.0 	-1009.0 	11 	3 	3 	1.0 	-1010.0 	[2, 0] 	0
main	178 	7 	 T1T2 	 0.0 	10 	8 	8 	1.0 	-1009.0 	20 	9 	0 	0.0 	-1019.0 	[2, 0] 	0
main	179 	7 	 T1T2 	 0.0 	10 	8 	4 	0.0 	-1009.0 	15 	4 	6 	0.0 	-1014.0 	[2, 0] 	0
main	180 	7 	 T1T2 	 0.0 	14 	9 	3 	0.0 	-1013.0 	22 	3 	9 	0.0 	-1021.0 	[6, 0] 	2
main	181 	7 	 T1T2 	 0.0 	14 	7 	7 	1.0 	-1013.0 	16 	4 	2 	0.0 	-1015.0 	[6, 0] 	0
main	182 	7 	 T1T2 	 0.0 	14 	5 	5 	1.0 	-1013.0 	15 	3 	3 	1.0 	-1014.0 	[6, 0] 	0
main	183 	7 	 T1T2 	 0.0 	14 	3 	3 	1.0 	-1013.0 	24 	4 	7 	0.0 	-1023.0 	[6, 0] 	0
main	184 	7 	 T1T2 	 0.0 	14 	0 	7 	0.0 	-1013.0 	19 	4 	4 	1.0 	-1018.0 	[6, 0] 	0
main	185 	7 	 T1T2 	 0.0 	6 	3 	3 	1.0 	-1005.0 	14 	7 	7 	1.0 	-1013.0 	[6, 0] 	0
main	186 	7 	 T1T2 	 0.0 	6 	3 	1 	0.0 	-1005.0 	8 	9 	5 	0.0 	-1007.0 	[6, 0] 	0
main	187 	7 	 T1T2 	 0.0 	6 	8 	8 	1.0 	-1005.0 	7 	0 	0 	1.0 	-1006.0 	[6, 0] 	0
main	188 	7 	 T1T2 	 0.0 	6 	7 	7 	1.0 	-1005.0 	16 	9 	9 	1.0 	-1015.0 	[6, 0] 	0
main	189 	7 	 T1T2 	 0.0 	6 	8 	9 	0.0 	-1005.0 	11 	4 	0 	0.0 	-1010.0 	[6, 0] 	0
main	190 	7 	 T1T2 	 0.0 	8 	2 	2 	1.0 	-1007.0 	16 	9 	9 	1.0 	-1015.0 	[6, 0] 	0
main	191 	7 	 T1T2 	 0.0 	8 	1 	1 	1.0 	-1007.0 	10 	8 	8 	1.0 	-1009.0 	[6, 0] 	0
main	192 	7 	 T1T2 	 0.0 	8 	3 	9 	0.0 	-1007.0 	9 	9 	3 	0.0 	-1008.0 	[6, 0] 	0
main	193 	7 	 T1T2 	 0.0 	8 	8 	8 	1.0 	-1007.0 	18 	2 	2 	1.0 	-1017.0 	[6, 0] 	0
main	194 	7 	 T1T2 	 0.0 	8 	5 	5 	1.0 	-1007.0 	13 	6 	5 	0.0 	-1012.0 	[6, 0] 	0
main	195 	7 	 T1T2 	 0.0 	10 	6 	6 	1.0 	-1009.0 	18 	1 	1 	1.0 	-1017.0 	[6, 0] 	0
main	196 	7 	 T1T2 	 0.0 	10 	4 	0 	0.0 	-1009.0 	12 	2 	2 	1.0 	-1011.0 	[6, 0] 	0
main	197 	7 	 T1T2 	 0.0 	10 	4 	9 	0.0 	-1009.0 	11 	7 	2 	0.0 	-1010.0 	[6, 0] 	0
main	198 	7 	 T1T2 	 0.0 	10 	2 	1 	0.0 	-1009.0 	20 	6 	9 	0.0 	-1019.0 	[6, 0] 	0
main	199 	7 	 T1T2 	 0.0 	10 	0 	0 	1.0 	-1009.0 	15 	7 	7 	1.0 	-1014.0 	[6, 0] 	0
main	200 	7 	 T1T2 	 0.0 	14 	6 	6 	1.0 	-1013.0 	22 	0 	1 	0.0 	-1021.0 	[-6, 0] 	0
main	201 	7 	 T1T2 	 0.0 	14 	5 	5 	1.0 	-1013.0 	16 	7 	7 	1.0 	-1015.0 	[-6, 0] 	0
main	202 	7 	 T1T2 	 0.0 	14 	6 	6 	1.0 	-1013.0 	15 	4 	4 	1.0 	-1014.0 	[-6, 0] 	0
main	203 	7 	 T1T2 	 0.0 	14 	1 	1 	1.0 	-1013.0 	24 	8 	8 	1.0 	-1023.0 	[-6, 0] 	0
main	204 	7 	 T1T2 	 0.0 	14 	0 	0 	1.0 	-1013.0 	19 	2 	2 	1.0 	-1018.0 	[-6, 0] 	0
main	205 	7 	 T1T2 	 0.0 	6 	0 	3 	0.0 	-1005.0 	14 	3 	0 	0.0 	-1013.0 	[-6, 0] 	1
main	206 	7 	 T1T2 	 0.0 	6 	0 	0 	1.0 	-1005.0 	8 	2 	2 	1.0 	-1007.0 	[-6, 0] 	0
main	207 	7 	 T1T2 	 0.0 	6 	9 	9 	1.0 	-1005.0 	7 	5 	5 	1.0 	-1006.0 	[-6, 0] 	0
main	208 	7 	 T1T2 	 0.0 	6 	4 	4 	1.0 	-1005.0 	16 	3 	3 	1.0 	-1015.0 	[-6, 0] 	0
main	209 	7 	 T1T2 	 0.0 	6 	6 	6 	1.0 	-1005.0 	11 	4 	4 	1.0 	-1010.0 	[-6, 0] 	0
main	210 	7 	 T1T2 	 0.0 	8 	4 	4 	1.0 	-1007.0 	16 	8 	8 	1.0 	-1015.0 	[-6, 0] 	0
main	211 	7 	 T1T2 	 0.0 	8 	0 	6 	0.0 	-1007.0 	10 	6 	0 	0.0 	-1009.0 	[-6, 0] 	0
main	212 	7 	 T1T2 	 0.0 	8 	0 	2 	0.0 	-1007.0 	9 	2 	4 	0.0 	-1008.0 	[-6, 0] 	0
main	213 	7 	 T1T2 	 0.0 	8 	5 	5 	1.0 	-1007.0 	18 	0 	0 	1.0 	-1017.0 	[-6, 0] 	0
main	214 	7 	 T1T2 	 0.0 	8 	6 	6 	1.0 	-1007.0 	13 	4 	4 	1.0 	-1012.0 	[-6, 0] 	0
main	215 	7 	 T1T2 	 0.0 	10 	3 	3 	1.0 	-1009.0 	18 	2 	2 	1.0 	-1017.0 	[-6, 0] 	0
main	216 	7 	 T1T2 	 0.0 	10 	6 	6 	1.0 	-1009.0 	12 	7 	7 	1.0 	-1011.0 	[-6, 0] 	0
main	217 	7 	 T1T2 	 0.0 	10 	4 	5 	0.0 	-1009.0 	11 	9 	9 	1.0 	-1010.0 	[-6, 0] 	0
main	218 	7 	 T1T2 	 0.0 	10 	1 	1 	1.0 	-1009.0 	20 	5 	5 	1.0 	-1019.0 	[-6, 0] 	0
main	219 	7 	 T1T2 	 0.0 	10 	9 	3 	0.0 	-1009.0 	15 	4 	4 	1.0 	-1014.0 	[-6, 0] 	0
main	220 	7 	 T1T2 	 0.0 	14 	5 	5 	1.0 	-1013.0 	22 	3 	3 	1.0 	-1021.0 	[-2, 0] 	0
main	221 	7 	 T1T2 	 0.0 	14 	6 	6 	1.0 	-1013.0 	16 	3 	3 	1.0 	-1015.0 	[-2, 0] 	0
main	222 	7 	 T1T2 	 0.0 	14 	5 	4 	0.0 	-1013.0 	15 	4 	5 	0.0 	-1014.0 	[-2, 0] 	0
main	223 	7 	 T1T2 	 0.0 	14 	1 	1 	1.0 	-1013.0 	24 	0 	0 	1.0 	-1023.0 	[-2, 0] 	0
main	224 	7 	 T1T2 	 0.0 	14 	3 	3 	1.0 	-1013.0 	19 	8 	8 	1.0 	-1018.0 	[-2, 0] 	0
main	225 	7 	 T1T2 	 0.0 	6 	3 	3 	1.0 	-1005.0 	14 	2 	2 	1.0 	-1013.0 	[-2, 0] 	0
main	226 	7 	 T1T2 	 0.0 	6 	9 	9 	1.0 	-1005.0 	8 	5 	5 	1.0 	-1007.0 	[-2, 0] 	0
main	227 	7 	 T1T2 	 0.0 	6 	4 	3 	0.0 	-1005.0 	7 	3 	4 	0.0 	-1006.0 	[-2, 0] 	0
main	228 	7 	 T1T2 	 0.0 	6 	3 	3 	1.0 	-1005.0 	16 	5 	5 	1.0 	-1015.0 	[-2, 0] 	0
main	229 	7 	 T1T2 	 0.0 	6 	4 	4 	1.0 	-1005.0 	11 	1 	1 	1.0 	-1010.0 	[-2, 0] 	0
main	230 	7 	 T1T2 	 0.0 	8 	1 	1 	1.0 	-1007.0 	16 	6 	6 	1.0 	-1015.0 	[-2, 0] 	0
main	231 	7 	 T1T2 	 0.0 	8 	2 	2 	1.0 	-1007.0 	10 	4 	4 	1.0 	-1009.0 	[-2, 0] 	0
main	232 	7 	 T1T2 	 0.0 	8 	2 	2 	1.0 	-1007.0 	9 	4 	4 	1.0 	-1008.0 	[-2, 0] 	1
main	233 	7 	 T1T2 	 0.0 	8 	5 	5 	1.0 	-1007.0 	18 	3 	3 	1.0 	-1017.0 	[-2, 0] 	0
main	234 	7 	 T1T2 	 0.0 	8 	1 	1 	1.0 	-1007.0 	13 	8 	8 	1.0 	-1012.0 	[-2, 0] 	0
main	235 	7 	 T1T2 	 0.0 	10 	2 	2 	1.0 	-1009.0 	18 	6 	6 	1.0 	-1017.0 	[-2, 0] 	0
main	236 	7 	 T1T2 	 0.0 	10 	3 	3 	1.0 	-1009.0 	12 	4 	4 	1.0 	-1011.0 	[-2, 0] 	0
main	237 	7 	 T1T2 	 0.0 	10 	5 	5 	1.0 	-1009.0 	11 	7 	7 	1.0 	-1010.0 	[-2, 0] 	0
main	238 	7 	 T1T2 	 0.0 	10 	2 	2 	1.0 	-1009.0 	20 	7 	3 	0.0 	-1019.0 	[-2, 0] 	0
main	239 	7 	 T1T2 	 0.0 	10 	6 	6 	1.0 	-1009.0 	15 	4 	4 	1.0 	-1014.0 	[-2, 0] 	0
main	240 	7 	 T1T2 	 0.0 	14 	1 	1 	1.0 	-1013.0 	22 	3 	3 	1.0 	-1021.0 	[2, 0] 	0
main	241 	7 	 T1T2 	 0.0 	14 	3 	1 	0.0 	-1013.0 	16 	7 	3 	0.0 	-1015.0 	[2, 0] 	0
main	242 	7 	 T1T2 	 0.0 	14 	1 	1 	1.0 	-1013.0 	15 	7 	7 	1.0 	-1014.0 	[2, 0] 	0
main	243 	7 	 T1T2 	 0.0 	14 	2 	2 	1.0 	-1013.0 	24 	8 	8 	1.0 	-1023.0 	[2, 0] 	0
main	244 	7 	 T1T2 	 0.0 	14 	5 	5 	1.0 	-1013.0 	19 	6 	6 	1.0 	-1018.0 	[2, 0] 	0
main	245 	7 	 T1T2 	 0.0 	6 	6 	6 	1.0 	-1005.0 	14 	3 	3 	1.0 	-1013.0 	[2, 0] 	0
main	246 	7 	 T1T2 	 0.0 	6 	1 	1 	1.0 	-1005.0 	8 	3 	3 	1.0 	-1007.0 	[2, 0] 	0
main	247 	7 	 T1T2 	 0.0 	6 	9 	9 	1.0 	-1005.0 	7 	4 	4 	1.0 	-1006.0 	[2, 0] 	0
main	248 	7 	 T1T2 	 0.0 	6 	5 	5 	1.0 	-1005.0 	16 	1 	9 	0.0 	-1015.0 	[2, 0] 	0
main	249 	7 	 T1T2 	 0.0 	6 	3 	3 	1.0 	-1005.0 	11 	9 	9 	1.0 	-1010.0 	[2, 0] 	0
main	250 	7 	 T1T2 	 0.0 	8 	0 	0 	1.0 	-1007.0 	16 	2 	3 	0.0 	-1015.0 	[2, 0] 	0
main	251 	7 	 T1T2 	 0.0 	8 	6 	6 	1.0 	-1007.0 	10 	2 	2 	1.0 	-1009.0 	[2, 0] 	0
main	252 	7 	 T1T2 	 0.0 	8 	0 	2 	0.0 	-1007.0 	9 	3 	2 	0.0 	-1008.0 	[2, 0] 	0
main	253 	7 	 T1T2 	 0.0 	8 	6 	6 	1.0 	-1007.0 	18 	7 	7 	1.0 	-1017.0 	[2, 0] 	0
main	254 	7 	 T1T2 	 0.0 	8 	2 	8 	0.0 	-1007.0 	13 	4 	7 	0.0 	-1012.0 	[2, 0] 	0
main	255 	7 	 T1T2 	 0.0 	10 	9 	9 	1.0 	-1009.0 	18 	6 	6 	1.0 	-1017.0 	[2, 0] 	0
main	256 	7 	 T1T2 	 0.0 	10 	7 	9 	0.0 	-1009.0 	12 	1 	7 	0.0 	-1011.0 	[2, 0] 	0
main	257 	7 	 T1T2 	 0.0 	10 	0 	7 	0.0 	-1009.0 	11 	7 	0 	0.0 	-1010.0 	[2, 0] 	0
main	258 	7 	 T1T2 	 0.0 	10 	5 	5 	1.0 	-1009.0 	20 	9 	7 	0.0 	-1019.0 	[2, 0] 	0
main	259 	7 	 T1T2 	 0.0 	10 	6 	6 	1.0 	-1009.0 	15 	9 	9 	1.0 	-1014.0 	[2, 0] 	0
main	260 	7 	 T1T2 	 0.0 	14 	5 	1 	0.0 	-1013.0 	22 	4 	3 	0.0 	-1021.0 	[6, 0] 	0
main	261 	7 	 T1T2 	 0.0 	14 	0 	4 	0.0 	-1013.0 	16 	4 	3 	0.0 	-1015.0 	[6, 0] 	0
main	262 	7 	 T1T2 	 0.0 	14 	7 	2 	0.0 	-1013.0 	15 	2 	1 	0.0 	-1014.0 	[6, 0] 	0
main	263 	7 	 T1T2 	 0.0 	14 	1 	7 	0.0 	-1013.0 	24 	8 	1 	0.0 	-1023.0 	[6, 0] 	0
main	264 	7 	 T1T2 	 0.0 	14 	1 	1 	1.0 	-1013.0 	19 	4 	4 	1.0 	-1018.0 	[6, 0] 	0
main	265 	7 	 T1T2 	 0.0 	6 	9 	9 	1.0 	-1005.0 	14 	3 	3 	1.0 	-1013.0 	[6, 0] 	0
main	266 	7 	 T1T2 	 0.0 	6 	2 	2 	1.0 	-1005.0 	8 	8 	6 	0.0 	-1007.0 	[6, 0] 	0
main	267 	7 	 T1T2 	 0.0 	6 	7 	1 	0.0 	-1005.0 	7 	1 	8 	0.0 	-1006.0 	[6, 0] 	0
main	268 	7 	 T1T2 	 0.0 	6 	1 	1 	1.0 	-1005.0 	16 	4 	4 	1.0 	-1015.0 	[6, 0] 	0
main	269 	7 	 T1T2 	 0.0 	6 	4 	4 	1.0 	-1005.0 	11 	5 	5 	1.0 	-1010.0 	[6, 0] 	0
main	270 	7 	 T1T2 	 0.0 	8 	1 	1 	1.0 	-1007.0 	16 	6 	6 	1.0 	-1015.0 	[6, 0] 	0
main	271 	7 	 T1T2 	 0.0 	8 	2 	2 	1.0 	-1007.0 	10 	4 	0 	0.0 	-1009.0 	[6, 0] 	0
main	272 	7 	 T1T2 	 0.0 	8 	5 	4 	0.0 	-1007.0 	9 	4 	5 	0.0 	-1008.0 	[6, 0] 	0
main	273 	7 	 T1T2 	 0.0 	8 	0 	1 	0.0 	-1007.0 	18 	9 	9 	1.0 	-1017.0 	[6, 0] 	0
main	274 	7 	 T1T2 	 0.0 	8 	7 	9 	0.0 	-1007.0 	13 	2 	9 	0.0 	-1012.0 	[6, 0] 	2
main	275 	7 	 T1T2 	 0.0 	10 	2 	2 	1.0 	-1009.0 	18 	9 	9 	1.0 	-1017.0 	[6, 0] 	0
main	276 	7 	 T1T2 	 0.0 	10 	4 	3 	0.0 	-1009.0 	12 	3 	6 	0.0 	-1011.0 	[6, 0] 	0
main	277 	7 	 T1T2 	 0.0 	10 	8 	8 	1.0 	-1009.0 	11 	4 	4 	1.0 	-1010.0 	[6, 0] 	0
main	278 	7 	 T1T2 	 0.0 	10 	7 	7 	1.0 	-1009.0 	20 	4 	3 	0.0 	-1019.0 	[6, 0] 	0
main	279 	7 	 T1T2 	 0.0 	10 	7 	7 	1.0 	-1009.0 	15 	4 	4 	1.0 	-1014.0 	[6, 0] 	0
main	280 	7 	 T1T2 	 0.0 	14 	1 	1 	1.0 	-1013.0 	22 	8 	8 	1.0 	-1021.0 	[-6, 0] 	0
main	281 	7 	 T1T2 	 0.0 	14 	5 	5 	1.0 	-1013.0 	16 	8 	8 	1.0 	-1015.0 	[-6, 0] 	0
main	282 	7 	 T1T2 	 0.0 	14 	2 	2 	1.0 	-1013.0 	15 	0 	8 	0.0 	-1014.0 	[-6, 0] 	0
main	283 	7 	 T1T2 	 0.0 	14 	0 	0 	1.0 	-1013.0 	24 	1 	1 	1.0 	-1023.0 	[-6, 0] 	0
main	284 	7 	 T1T2 	 0.0 	14 	9 	9 	1.0 	-1013.0 	19 	5 	5 	1.0 	-1018.0 	[-6, 0] 	0
main	285 	7 	 T1T2 	 0.0 	6 	5 	5 	1.0 	-1005.0 	14 	7 	1 	0.0 	-1013.0 	[-6, 0] 	0
main	286 	7 	 T1T2 	 0.0 	6 	6 	6 	1.0 	-1005.0 	8 	0 	7 	0.0 	-1007.0 	[-6, 0] 	0
main	287 	7 	 T1T2 	 0.0 	6 	8 	1 	0.0 	-1005.0 	7 	1 	3 	0.0 	-1006.0 	[-6, 0] 	0
main	288 	7 	 T1T2 	 0.0 	6 	0 	0 	1.0 	-1005.0 	16 	8 	8 	1.0 	-1015.0 	[-6, 0] 	0
main	289 	7 	 T1T2 	 0.0 	6 	2 	2 	1.0 	-1005.0 	11 	3 	3 	1.0 	-1010.0 	[-6, 0] 	0
main	290 	7 	 T1T2 	 0.0 	8 	6 	6 	1.0 	-1007.0 	16 	5 	3 	0.0 	-1015.0 	[-6, 0] 	0
main	291 	7 	 T1T2 	 0.0 	8 	5 	5 	1.0 	-1007.0 	10 	3 	3 	1.0 	-1009.0 	[-6, 0] 	0
main	292 	7 	 T1T2 	 0.0 	8 	1 	1 	1.0 	-1007.0 	9 	5 	5 	1.0 	-1008.0 	[-6, 0] 	0
main	293 	7 	 T1T2 	 0.0 	8 	1 	1 	1.0 	-1007.0 	18 	6 	6 	1.0 	-1017.0 	[-6, 0] 	0
main	294 	7 	 T1T2 	 0.0 	8 	6 	6 	1.0 	-1007.0 	13 	0 	0 	1.0 	-1012.0 	[-6, 0] 	0
main	295 	7 	 T1T2 	 0.0 	10 	7 	7 	1.0 	-1009.0 	18 	6 	6 	1.0 	-1017.0 	[-6, 0] 	0
main	296 	7 	 T1T2 	 0.0 	10 	6 	6 	1.0 	-1009.0 	12 	5 	5 	1.0 	-1011.0 	[-6, 0] 	0
main	297 	7 	 T1T2 	 0.0 	10 	2 	2 	1.0 	-1009.0 	11 	0 	0 	1.0 	-1010.0 	[-6, 0] 	0
main	298 	7 	 T1T2 	 0.0 	10 	8 	8 	1.0 	-1009.0 	20 	6 	1 	0.0 	-1019.0 	[-6, 0] 	0
main	299 	7 	 T1T2 	 0.0 	10 	3 	8 	0.0 	-1009.0 	15 	8 	6 	0.0 	-1014.0 	[-6, 0] 	0
main	300 	7 	 T1T2 	 0.0 	14 	2 	2 	1.0 	-1013.0 	22 	5 	5 	1.0 	-1021.0 	[-2, 0] 	0
main	301 	7 	 T1T2 	 0.0 	14 	1 	1 	1.0 	-1013.0 	16 	4 	3 	0.0 	-1015.0 	[-2, 0] 	1
main	302 	7 	 T1T2 	 0.0 	14 	8 	8 	1.0 	-1013.0 	15 	5 	5 	1.0 	-1014.0 	[-2, 0] 	0
main	303 	7 	 T1T2 	 0.0 	14 	4 	4 	1.0 	-1013.0 	24 	8 	8 	1.0 	-1023.0 	[-2, 0] 	0
main	304 	7 	 T1T2 	 0.0 	14 	6 	6 	1.0 	-1013.0 	19 	0 	0 	1.0 	-1018.0 	[-2, 0] 	0
main	305 	7 	 T1T2 	 0.0 	6 	2 	2 	1.0 	-1005.0 	14 	6 	3 	0.0 	-1013.0 	[-2, 0] 	0
main	306 	7 	 T1T2 	 0.0 	6 	1 	1 	1.0 	-1005.0 	8 	6 	6 	1.0 	-1007.0 	[-2, 0] 	0
main	307 	7 	 T1T2 	 0.0 	6 	6 	6 	1.0 	-1005.0 	7 	3 	3 	1.0 	-1006.0 	[-2, 0] 	0
main	308 	7 	 T1T2 	 0.0 	6 	3 	3 	1.0 	-1005.0 	16 	5 	8 	0.0 	-1015.0 	[-2, 0] 	0
main	309 	7 	 T1T2 	 0.0 	6 	5 	5 	1.0 	-1005.0 	11 	9 	6 	0.0 	-1010.0 	[-2, 0] 	0
main	310 	7 	 T1T2 	 0.0 	8 	3 	3 	1.0 	-1007.0 	16 	6 	6 	1.0 	-1015.0 	[-2, 0] 	0
main	311 	7 	 T1T2 	 0.0 	8 	5 	5 	1.0 	-1007.0 	10 	6 	6 	1.0 	-1009.0 	[-2, 0] 	0
main	312 	7 	 T1T2 	 0.0 	8 	8 	8 	1.0 	-1007.0 	9 	5 	5 	1.0 	-1008.0 	[-2, 0] 	0
main	313 	7 	 T1T2 	 0.0 	8 	2 	2 	1.0 	-1007.0 	18 	7 	7 	1.0 	-1017.0 	[-2, 0] 	0
main	314 	7 	 T1T2 	 0.0 	8 	0 	7 	0.0 	-1007.0 	13 	7 	1 	0.0 	-1012.0 	[-2, 0] 	0
main	315 	7 	 T1T2 	 0.0 	10 	0 	9 	0.0 	-1009.0 	18 	5 	5 	1.0 	-1017.0 	[-2, 0] 	7
main	316 	7 	 T1T2 	 0.0 	10 	3 	3 	1.0 	-1009.0 	12 	2 	2 	1.0 	-1011.0 	[-2, 0] 	0
main	317 	7 	 T1T2 	 0.0 	10 	3 	3 	1.0 	-1009.0 	11 	1 	1 	1.0 	-1010.0 	[-2, 0] 	0
main	318 	7 	 T1T2 	 0.0 	10 	3 	3 	1.0 	-1009.0 	20 	5 	1 	0.0 	-1019.0 	[-2, 0] 	0
main	319 	7 	 T1T2 	 0.0 	10 	9 	9 	1.0 	-1009.0 	15 	8 	8 	1.0 	-1014.0 	[-2, 0] 	0
main	320 	7 	 T1T2 	 0.0 	14 	3 	3 	1.0 	-1013.0 	22 	0 	0 	1.0 	-1021.0 	[2, 0] 	0
main	321 	7 	 T1T2 	 0.0 	14 	2 	2 	1.0 	-1013.0 	16 	9 	6 	0.0 	-1015.0 	[2, 0] 	0
main	322 	7 	 T1T2 	 0.0 	14 	6 	6 	1.0 	-1013.0 	15 	1 	1 	1.0 	-1014.0 	[2, 0] 	0
main	323 	7 	 T1T2 	 0.0 	14 	6 	6 	1.0 	-1013.0 	24 	2 	2 	1.0 	-1023.0 	[2, 0] 	0
main	324 	7 	 T1T2 	 0.0 	14 	4 	4 	1.0 	-1013.0 	19 	3 	3 	1.0 	-1018.0 	[2, 0] 	0
main	325 	7 	 T1T2 	 0.0 	6 	1 	1 	1.0 	-1005.0 	14 	0 	6 	0.0 	-1013.0 	[2, 0] 	0
main	326 	7 	 T1T2 	 0.0 	6 	5 	5 	1.0 	-1005.0 	8 	8 	8 	1.0 	-1007.0 	[2, 0] 	0
main	327 	7 	 T1T2 	 0.0 	6 	4 	4 	1.0 	-1005.0 	7 	7 	7 	1.0 	-1006.0 	[2, 0] 	0
main	328 	7 	 T1T2 	 0.0 	6 	7 	7 	1.0 	-1005.0 	16 	9 	2 	0.0 	-1015.0 	[2, 0] 	0
main	329 	7 	 T1T2 	 0.0 	6 	0 	6 	0.0 	-1005.0 	11 	5 	5 	1.0 	-1010.0 	[2, 0] 	0
main	330 	7 	 T1T2 	 0.0 	8 	4 	4 	1.0 	-1007.0 	16 	0 	0 	1.0 	-1015.0 	[2, 0] 	0
main	331 	7 	 T1T2 	 0.0 	8 	1 	1 	1.0 	-1007.0 	10 	8 	8 	1.0 	-1009.0 	[2, 0] 	0
main	332 	7 	 T1T2 	 0.0 	8 	7 	8 	0.0 	-1007.0 	9 	8 	7 	0.0 	-1008.0 	[2, 0] 	0
main	333 	7 	 T1T2 	 0.0 	8 	5 	5 	1.0 	-1007.0 	18 	7 	7 	1.0 	-1017.0 	[2, 0] 	0
main	334 	7 	 T1T2 	 0.0 	8 	2 	2 	1.0 	-1007.0 	13 	4 	4 	1.0 	-1012.0 	[2, 0] 	0
main	335 	7 	 T1T2 	 0.0 	10 	6 	6 	1.0 	-1009.0 	18 	5 	5 	1.0 	-1017.0 	[2, 0] 	0
main	336 	7 	 T1T2 	 0.0 	10 	1 	2 	0.0 	-1009.0 	12 	2 	1 	0.0 	-1011.0 	[2, 0] 	0
main	337 	7 	 T1T2 	 0.0 	10 	7 	7 	1.0 	-1009.0 	11 	3 	3 	1.0 	-1010.0 	[2, 0] 	0
main	338 	7 	 T1T2 	 0.0 	10 	7 	7 	1.0 	-1009.0 	20 	6 	6 	1.0 	-1019.0 	[2, 0] 	0
main	339 	7 	 T1T2 	 0.0 	10 	0 	0 	1.0 	-1009.0 	15 	6 	7 	0.0 	-1014.0 	[2, 0] 	0
main	340 	7 	 T1T2 	 0.0 	14 	2 	2 	1.0 	-1013.0 	22 	3 	3 	1.0 	-1021.0 	[6, 0] 	0
main	341 	7 	 T1T2 	 0.0 	14 	8 	8 	1.0 	-1013.0 	16 	1 	1 	1.0 	-1015.0 	[6, 0] 	0
main	342 	7 	 T1T2 	 0.0 	14 	6 	7 	0.0 	-1013.0 	15 	7 	6 	0.0 	-1014.0 	[6, 0] 	0
main	343 	7 	 T1T2 	 0.0 	14 	6 	7 	0.0 	-1013.0 	24 	8 	8 	1.0 	-1023.0 	[6, 0] 	0
main	344 	7 	 T1T2 	 0.0 	14 	9 	9 	1.0 	-1013.0 	19 	0 	0 	1.0 	-1018.0 	[6, 0] 	0
main	345 	7 	 T1T2 	 0.0 	6 	5 	5 	1.0 	-1005.0 	14 	2 	2 	1.0 	-1013.0 	[6, 0] 	0
main	346 	7 	 T1T2 	 0.0 	6 	4 	4 	1.0 	-1005.0 	8 	5 	5 	1.0 	-1007.0 	[6, 0] 	0
main	347 	7 	 T1T2 	 0.0 	6 	5 	5 	1.0 	-1005.0 	7 	8 	8 	1.0 	-1006.0 	[6, 0] 	0
main	348 	7 	 T1T2 	 0.0 	6 	6 	3 	0.0 	-1005.0 	16 	0 	1 	0.0 	-1015.0 	[6, 0] 	0
main	349 	7 	 T1T2 	 0.0 	6 	6 	6 	1.0 	-1005.0 	11 	3 	7 	0.0 	-1010.0 	[6, 0] 	0
main	350 	7 	 T1T2 	 0.0 	8 	0 	0 	1.0 	-1007.0 	16 	9 	9 	1.0 	-1015.0 	[6, 0] 	0
main	351 	7 	 T1T2 	 0.0 	8 	8 	8 	1.0 	-1007.0 	10 	2 	2 	1.0 	-1009.0 	[6, 0] 	0
main	352 	7 	 T1T2 	 0.0 	8 	0 	5 	0.0 	-1007.0 	9 	5 	0 	0.0 	-1008.0 	[6, 0] 	0
main	353 	7 	 T1T2 	 0.0 	8 	5 	2 	0.0 	-1007.0 	18 	2 	0 	0.0 	-1017.0 	[6, 0] 	0
main	354 	7 	 T1T2 	 0.0 	8 	7 	7 	1.0 	-1007.0 	13 	3 	3 	1.0 	-1012.0 	[6, 0] 	0
main	355 	7 	 T1T2 	 0.0 	10 	8 	8 	1.0 	-1009.0 	18 	1 	1 	1.0 	-1017.0 	[6, 0] 	0
main	356 	7 	 T1T2 	 0.0 	10 	2 	2 	1.0 	-1009.0 	12 	7 	7 	1.0 	-1011.0 	[6, 0] 	0
main	357 	7 	 T1T2 	 0.0 	10 	9 	9 	1.0 	-1009.0 	11 	4 	4 	1.0 	-1010.0 	[6, 0] 	0
main	358 	7 	 T1T2 	 0.0 	10 	1 	3 	0.0 	-1009.0 	20 	4 	4 	1.0 	-1019.0 	[6, 0] 	0
main	359 	7 	 T1T2 	 0.0 	10 	7 	7 	1.0 	-1009.0 	15 	5 	5 	1.0 	-1014.0 	[6, 0] 	0
main	360 	7 	 T1T2 	 0.0 	14 	0 	1 	0.0 	-1013.0 	22 	1 	3 	0.0 	-1021.0 	[-6, 0] 	0
main	361 	7 	 T1T2 	 0.0 	14 	4 	1 	0.0 	-1013.0 	16 	1 	4 	0.0 	-1015.0 	[-6, 0] 	0
main	362 	7 	 T1T2 	 0.0 	14 	2 	2 	1.0 	-1013.0 	15 	5 	5 	1.0 	-1014.0 	[-6, 0] 	0
main	363 	7 	 T1T2 	 0.0 	14 	3 	3 	1.0 	-1013.0 	24 	9 	9 	1.0 	-1023.0 	[-6, 0] 	0
main	364 	7 	 T1T2 	 0.0 	14 	8 	8 	1.0 	-1013.0 	19 	6 	6 	1.0 	-1018.0 	[-6, 0] 	1
main	365 	7 	 T1T2 	 0.0 	6 	1 	3 	0.0 	-1005.0 	14 	3 	4 	0.0 	-1013.0 	[-6, 0] 	0
main	366 	7 	 T1T2 	 0.0 	6 	3 	3 	1.0 	-1005.0 	8 	6 	6 	1.0 	-1007.0 	[-6, 0] 	0
main	367 	7 	 T1T2 	 0.0 	6 	3 	3 	1.0 	-1005.0 	7 	8 	8 	1.0 	-1006.0 	[-6, 0] 	0
main	368 	7 	 T1T2 	 0.0 	6 	7 	7 	1.0 	-1005.0 	16 	2 	2 	1.0 	-1015.0 	[-6, 0] 	0
main	369 	7 	 T1T2 	 0.0 	6 	8 	8 	1.0 	-1005.0 	11 	1 	1 	1.0 	-1010.0 	[-6, 0] 	0
main	370 	7 	 T1T2 	 0.0 	8 	5 	5 	1.0 	-1007.0 	16 	7 	7 	1.0 	-1015.0 	[-6, 0] 	0
main	371 	7 	 T1T2 	 0.0 	8 	7 	7 	1.0 	-1007.0 	10 	8 	8 	1.0 	-1009.0 	[-6, 0] 	0
main	372 	7 	 T1T2 	 0.0 	8 	6 	6 	1.0 	-1007.0 	9 	2 	2 	1.0 	-1008.0 	[-6, 0] 	0
main	373 	7 	 T1T2 	 0.0 	8 	3 	3 	1.0 	-1007.0 	18 	6 	7 	0.0 	-1017.0 	[-6, 0] 	0
main	374 	7 	 T1T2 	 0.0 	8 	1 	1 	1.0 	-1007.0 	13 	0 	3 	0.0 	-1012.0 	[-6, 0] 	0
main	375 	7 	 T1T2 	 0.0 	10 	0 	1 	0.0 	-1009.0 	18 	3 	3 	1.0 	-1017.0 	[-6, 0] 	0
main	376 	7 	 T1T2 	 0.0 	10 	8 	8 	1.0 	-1009.0 	12 	7 	7 	1.0 	-1011.0 	[-6, 0] 	0
main	377 	7 	 T1T2 	 0.0 	10 	7 	7 	1.0 	-1009.0 	11 	1 	1 	1.0 	-1010.0 	[-6, 0] 	0
main	378 	7 	 T1T2 	 0.0 	10 	4 	4 	1.0 	-1009.0 	20 	0 	8 	0.0 	-1019.0 	[-6, 0] 	0
main	379 	7 	 T1T2 	 0.0 	10 	1 	2 	0.0 	-1009.0 	15 	3 	8 	0.0 	-1014.0 	[-6, 0] 	0
main	380 	7 	 T1T2 	 0.0 	14 	2 	2 	1.0 	-1013.0 	22 	0 	5 	0.0 	-1021.0 	[-2, 0] 	0
main	381 	7 	 T1T2 	 0.0 	14 	4 	4 	1.0 	-1013.0 	16 	3 	3 	1.0 	-1015.0 	[-2, 0] 	0
main	382 	7 	 T1T2 	 0.0 	14 	5 	5 	1.0 	-1013.0 	15 	8 	8 	1.0 	-1014.0 	[-2, 0] 	0
main	383 	7 	 T1T2 	 0.0 	14 	3 	3 	1.0 	-1013.0 	24 	6 	1 	0.0 	-1023.0 	[-2, 0] 	0
main	384 	7 	 T1T2 	 0.0 	14 	8 	1 	0.0 	-1013.0 	19 	4 	8 	0.0 	-1018.0 	[-2, 0] 	0
main	385 	7 	 T1T2 	 0.0 	6 	6 	6 	1.0 	-1005.0 	14 	1 	3 	0.0 	-1013.0 	[-2, 0] 	0
main	386 	7 	 T1T2 	 0.0 	6 	1 	1 	1.0 	-1005.0 	8 	9 	3 	0.0 	-1007.0 	[-2, 0] 	0
main	387 	7 	 T1T2 	 0.0 	6 	9 	2 	0.0 	-1005.0 	7 	2 	6 	0.0 	-1006.0 	[-2, 0] 	0
main	388 	7 	 T1T2 	 0.0 	6 	7 	7 	1.0 	-1005.0 	16 	8 	9 	0.0 	-1015.0 	[-2, 0] 	0
main	389 	7 	 T1T2 	 0.0 	6 	9 	9 	1.0 	-1005.0 	11 	7 	7 	1.0 	-1010.0 	[-2, 0] 	0
main	390 	7 	 T1T2 	 0.0 	8 	9 	9 	1.0 	-1007.0 	16 	7 	7 	1.0 	-1015.0 	[-2, 0] 	0
main	391 	7 	 T1T2 	 0.0 	8 	9 	5 	0.0 	-1007.0 	10 	8 	8 	1.0 	-1009.0 	[-2, 0] 	0
main	392 	7 	 T1T2 	 0.0 	8 	2 	2 	1.0 	-1007.0 	9 	7 	7 	1.0 	-1008.0 	[-2, 0] 	0
main	393 	7 	 T1T2 	 0.0 	8 	3 	3 	1.0 	-1007.0 	18 	8 	8 	1.0 	-1017.0 	[-2, 0] 	0
main	394 	7 	 T1T2 	 0.0 	8 	7 	7 	1.0 	-1007.0 	13 	9 	9 	1.0 	-1012.0 	[-2, 0] 	0
main	395 	7 	 T1T2 	 0.0 	10 	1 	1 	1.0 	-1009.0 	18 	2 	2 	1.0 	-1017.0 	[-2, 0] 	0
main	396 	7 	 T1T2 	 0.0 	10 	4 	4 	1.0 	-1009.0 	12 	6 	6 	1.0 	-1011.0 	[-2, 0] 	0
main	397 	7 	 T1T2 	 0.0 	10 	4 	4 	1.0 	-1009.0 	11 	3 	3 	1.0 	-1010.0 	[-2, 0] 	0
main	398 	7 	 T1T2 	 0.0 	10 	6 	6 	1.0 	-1009.0 	20 	0 	0 	1.0 	-1019.0 	[-2, 0] 	0
main	399 	7 	 T1T2 	 0.0 	10 	8 	3 	0.0 	-1009.0 	15 	4 	8 	0.0 	-1014.0 	[-2, 0] 	0
