experimentPhase	trialnum	subject	task	noisePercent	answerPos0	answer0	response0	correct0	responsePosRelative0	cueSpatialPos1	cueEccentricity1	timingBlips
main	0 	4 	 T1 	 0.0 	18 	D 	W 	0.0 	-1.0 	[1, 0] 	6 	0
main	1 	4 	 T1 	 0.0 	10 	R 	R 	1.0 	0.0 	[1, 0] 	6 	0
main	2 	4 	 T1 	 0.0 	6 	S 	S 	1.0 	0.0 	[1, 0] 	6 	0
main	3 	4 	 T1 	 0.0 	22 	J 	J 	1.0 	0.0 	[-1, 0] 	2 	0
main	4 	4 	 T1 	 0.0 	6 	O 	D 	0.0 	-1.0 	[-1, 0] 	6 	0
main	5 	4 	 T1 	 0.0 	10 	B 	B 	1.0 	0.0 	[-1, 0] 	2 	0
main	6 	4 	 T1 	 0.0 	10 	W 	W 	1.0 	0.0 	[1, 0] 	2 	0
main	7 	4 	 T1 	 0.0 	22 	J 	J 	1.0 	0.0 	[1, 0] 	6 	0
main	8 	4 	 T1 	 0.0 	6 	R 	R 	1.0 	0.0 	[1, 0] 	2 	0
main	9 	4 	 T1 	 0.0 	18 	D 	D 	1.0 	0.0 	[-1, 0] 	6 	0
main	10 	4 	 T1 	 0.0 	14 	D 	D 	1.0 	0.0 	[-1, 0] 	2 	0
main	11 	4 	 T1 	 0.0 	14 	T 	D 	0.0 	-1.0 	[-1, 0] 	6 	0
main	12 	4 	 T1 	 0.0 	22 	Q 	G 	0.0 	-1.0 	[1, 0] 	2 	0
main	13 	4 	 T1 	 0.0 	18 	J 	J 	1.0 	0.0 	[1, 0] 	2 	0
main	14 	4 	 T1 	 0.0 	14 	K 	K 	1.0 	0.0 	[1, 0] 	6 	0
main	15 	4 	 T1 	 0.0 	14 	M 	M 	1.0 	0.0 	[1, 0] 	2 	0
main	16 	4 	 T1 	 0.0 	10 	F 	F 	1.0 	0.0 	[-1, 0] 	6 	0
main	17 	4 	 T1 	 0.0 	6 	G 	J 	0.0 	-1.0 	[-1, 0] 	2 	0
main	18 	4 	 T1 	 0.0 	22 	S 	S 	1.0 	0.0 	[-1, 0] 	6 	0
main	19 	4 	 T1 	 0.0 	18 	R 	R 	1.0 	0.0 	[-1, 0] 	2 	0
main	20 	4 	 T1 	 0.0 	22 	Z 	Z 	1.0 	0.0 	[1, 0] 	2 	0
main	21 	4 	 T1 	 0.0 	10 	B 	B 	1.0 	0.0 	[-1, 0] 	2 	0
main	22 	4 	 T1 	 0.0 	18 	D 	M 	0.0 	-1.0 	[-1, 0] 	6 	0
main	23 	4 	 T1 	 0.0 	10 	K 	K 	1.0 	0.0 	[1, 0] 	2 	0
main	24 	4 	 T1 	 0.0 	6 	K 	K 	1.0 	0.0 	[-1, 0] 	6 	0
main	25 	4 	 T1 	 0.0 	18 	T 	T 	1.0 	0.0 	[1, 0] 	2 	0
main	26 	4 	 T1 	 0.0 	6 	W 	W 	1.0 	0.0 	[1, 0] 	2 	0
main	27 	4 	 T1 	 0.0 	6 	T 	T 	1.0 	0.0 	[-1, 0] 	2 	0
main	28 	4 	 T1 	 0.0 	22 	K 	K 	1.0 	0.0 	[-1, 0] 	6 	0
main	29 	4 	 T1 	 0.0 	14 	G 	G 	1.0 	0.0 	[-1, 0] 	2 	0
main	30 	4 	 T1 	 0.0 	18 	X 	J 	0.0 	-1.0 	[-1, 0] 	2 	0
main	31 	4 	 T1 	 0.0 	22 	P 	P 	1.0 	0.0 	[-1, 0] 	2 	0
main	32 	4 	 T1 	 0.0 	18 	C 	C 	1.0 	0.0 	[1, 0] 	6 	0
main	33 	4 	 T1 	 0.0 	14 	Z 	G 	0.0 	-1.0 	[-1, 0] 	6 	0
main	34 	4 	 T1 	 0.0 	10 	D 	D 	1.0 	0.0 	[-1, 0] 	6 	0
main	35 	4 	 T1 	 0.0 	14 	N 	M 	0.0 	-1.0 	[1, 0] 	2 	0
main	36 	4 	 T1 	 0.0 	14 	L 	E 	0.0 	1.0 	[1, 0] 	6 	0
main	37 	4 	 T1 	 0.0 	10 	H 	H 	1.0 	0.0 	[1, 0] 	6 	0
main	38 	4 	 T1 	 0.0 	6 	H 	A 	0.0 	1.0 	[1, 0] 	6 	0
main	39 	4 	 T1 	 0.0 	22 	I 	M 	0.0 	-1.0 	[1, 0] 	6 	0
main	40 	4 	 T1 	 0.0 	6 	B 	B 	1.0 	0.0 	[-1, 0] 	2 	0
main	41 	4 	 T1 	 0.0 	18 	U 	M 	0.0 	1.0 	[1, 0] 	6 	0
main	42 	4 	 T1 	 0.0 	14 	V 	V 	1.0 	0.0 	[-1, 0] 	6 	0
main	43 	4 	 T1 	 0.0 	22 	I 	Y 	0.0 	-1.0 	[1, 0] 	2 	0
main	44 	4 	 T1 	 0.0 	18 	W 	W 	1.0 	0.0 	[-1, 0] 	6 	0
main	45 	4 	 T1 	 0.0 	14 	D 	D 	1.0 	0.0 	[1, 0] 	6 	0
main	46 	4 	 T1 	 0.0 	10 	D 	D 	1.0 	0.0 	[1, 0] 	2 	0
main	47 	4 	 T1 	 0.0 	18 	E 	E 	1.0 	0.0 	[-1, 0] 	2 	0
main	48 	4 	 T1 	 0.0 	6 	D 	D 	1.0 	0.0 	[1, 0] 	2 	0
main	49 	4 	 T1 	 0.0 	22 	Q 	Q 	1.0 	0.0 	[-1, 0] 	2 	0
main	50 	4 	 T1 	 0.0 	22 	W 	W 	1.0 	0.0 	[1, 0] 	6 	0
main	51 	4 	 T1 	 0.0 	10 	Y 	Y 	1.0 	0.0 	[-1, 0] 	2 	0
main	52 	4 	 T1 	 0.0 	14 	B 	B 	1.0 	0.0 	[-1, 0] 	2 	0
main	53 	4 	 T1 	 0.0 	18 	X 	X 	1.0 	0.0 	[1, 0] 	2 	0
main	54 	4 	 T1 	 0.0 	22 	T 	G 	0.0 	-1.0 	[-1, 0] 	6 	0
main	55 	4 	 T1 	 0.0 	10 	K 	R 	0.0 	-5.0 	[1, 0] 	6 	0
main	56 	4 	 T1 	 0.0 	6 	O 	B 	0.0 	1.0 	[-1, 0] 	6 	0
main	57 	4 	 T1 	 0.0 	14 	E 	E 	1.0 	0.0 	[1, 0] 	2 	0
main	58 	4 	 T1 	 0.0 	10 	Q 	Q 	1.0 	0.0 	[-1, 0] 	6 	0
main	59 	4 	 T1 	 0.0 	6 	P 	P 	1.0 	0.0 	[1, 0] 	6 	0
main	60 	4 	 T1 	 0.0 	18 	G 	G 	1.0 	0.0 	[1, 0] 	2 	0
main	61 	4 	 T1 	 0.0 	22 	H 	H 	1.0 	0.0 	[1, 0] 	2 	0
main	62 	4 	 T1 	 0.0 	18 	E 	E 	1.0 	0.0 	[1, 0] 	6 	0
main	63 	4 	 T1 	 0.0 	18 	H 	H 	1.0 	0.0 	[-1, 0] 	6 	0
main	64 	4 	 T1 	 0.0 	14 	C 	D 	0.0 	1.0 	[-1, 0] 	6 	0
main	65 	4 	 T1 	 0.0 	10 	H 	G 	0.0 	-1.0 	[-1, 0] 	6 	0
main	66 	4 	 T1 	 0.0 	6 	O 	N 	0.0 	-1.0 	[1, 0] 	2 	0
main	67 	4 	 T1 	 0.0 	6 	M 	M 	1.0 	0.0 	[-1, 0] 	2 	0
main	68 	4 	 T1 	 0.0 	14 	M 	M 	1.0 	0.0 	[-1, 0] 	2 	0
main	69 	4 	 T1 	 0.0 	10 	K 	K 	1.0 	0.0 	[1, 0] 	6 	0
main	70 	4 	 T1 	 0.0 	10 	W 	W 	1.0 	0.0 	[1, 0] 	2 	0
main	71 	4 	 T1 	 0.0 	22 	R 	R 	1.0 	0.0 	[-1, 0] 	6 	0
main	72 	4 	 T1 	 0.0 	22 	Y 	Y 	1.0 	0.0 	[1, 0] 	6 	0
main	73 	4 	 T1 	 0.0 	22 	D 	D 	1.0 	0.0 	[-1, 0] 	2 	0
main	74 	4 	 T1 	 0.0 	6 	J 	J 	1.0 	0.0 	[1, 0] 	6 	0
main	75 	4 	 T1 	 0.0 	14 	S 	S 	1.0 	0.0 	[1, 0] 	6 	0
main	76 	4 	 T1 	 0.0 	14 	A 	A 	1.0 	0.0 	[1, 0] 	2 	0
main	77 	4 	 T1 	 0.0 	6 	U 	U 	1.0 	0.0 	[-1, 0] 	6 	0
main	78 	4 	 T1 	 0.0 	18 	C 	C 	1.0 	0.0 	[-1, 0] 	2 	0
main	79 	4 	 T1 	 0.0 	10 	X 	B 	0.0 	1.0 	[-1, 0] 	2 	0
main	80 	4 	 T1 	 0.0 	6 	Z 	Z 	1.0 	0.0 	[-1, 0] 	6 	0
main	81 	4 	 T1 	 0.0 	6 	B 	B 	1.0 	0.0 	[-1, 0] 	2 	0
main	82 	4 	 T1 	 0.0 	10 	M 	M 	1.0 	0.0 	[-1, 0] 	2 	0
main	83 	4 	 T1 	 0.0 	10 	P 	P 	1.0 	0.0 	[1, 0] 	6 	0
main	84 	4 	 T1 	 0.0 	22 	S 	S 	1.0 	0.0 	[1, 0] 	2 	0
main	85 	4 	 T1 	 0.0 	14 	S 	S 	1.0 	0.0 	[1, 0] 	6 	0
main	86 	4 	 T1 	 0.0 	14 	R 	R 	1.0 	0.0 	[1, 0] 	2 	0
main	87 	4 	 T1 	 0.0 	10 	Z 	Z 	1.0 	0.0 	[-1, 0] 	6 	0
main	88 	4 	 T1 	 0.0 	22 	O 	O 	1.0 	0.0 	[-1, 0] 	2 	0
main	89 	4 	 T1 	 0.0 	22 	Q 	Q 	1.0 	0.0 	[1, 0] 	6 	0
main	90 	4 	 T1 	 0.0 	6 	Z 	Z 	1.0 	0.0 	[1, 0] 	2 	0
main	91 	4 	 T1 	 0.0 	18 	C 	C 	1.0 	0.0 	[-1, 0] 	6 	0
main	92 	4 	 T1 	 0.0 	10 	P 	P 	1.0 	0.0 	[1, 0] 	2 	0
main	93 	4 	 T1 	 0.0 	18 	X 	X 	1.0 	0.0 	[-1, 0] 	2 	0
main	94 	4 	 T1 	 0.0 	18 	Z 	Z 	1.0 	0.0 	[1, 0] 	2 	0
main	95 	4 	 T1 	 0.0 	6 	F 	F 	1.0 	0.0 	[1, 0] 	6 	0
main	96 	4 	 T1 	 0.0 	18 	V 	F 	0.0 	-1.0 	[1, 0] 	6 	0
main	97 	4 	 T1 	 0.0 	14 	M 	M 	1.0 	0.0 	[-1, 0] 	2 	0
main	98 	4 	 T1 	 0.0 	22 	M 	M 	1.0 	0.0 	[-1, 0] 	6 	0
main	99 	4 	 T1 	 0.0 	14 	T 	T 	1.0 	0.0 	[-1, 0] 	6 	0
main	100 	4 	 T1 	 0.0 	22 	V 	S 	0.0 	-1.0 	[-1, 0] 	2 	0
main	101 	4 	 T1 	 0.0 	6 	N 	C 	0.0 	-1.0 	[1, 0] 	2 	0
main	102 	4 	 T1 	 0.0 	18 	G 	N 	0.0 	-1.0 	[1, 0] 	6 	0
main	103 	4 	 T1 	 0.0 	6 	Z 	Z 	1.0 	0.0 	[1, 0] 	6 	0
main	104 	4 	 T1 	 0.0 	6 	F 	F 	1.0 	0.0 	[-1, 0] 	2 	0
main	105 	4 	 T1 	 0.0 	22 	O 	C 	0.0 	-1.0 	[-1, 0] 	6 	0
main	106 	4 	 T1 	 0.0 	14 	Z 	J 	0.0 	1.0 	[-1, 0] 	2 	0
main	107 	4 	 T1 	 0.0 	14 	K 	K 	1.0 	0.0 	[1, 0] 	6 	0
main	108 	4 	 T1 	 0.0 	10 	K 	K 	1.0 	0.0 	[1, 0] 	2 	0
main	109 	4 	 T1 	 0.0 	10 	F 	F 	1.0 	0.0 	[-1, 0] 	6 	0
main	110 	4 	 T1 	 0.0 	22 	K 	K 	1.0 	0.0 	[1, 0] 	6 	0
main	111 	4 	 T1 	 0.0 	10 	J 	J 	1.0 	0.0 	[1, 0] 	6 	0
main	112 	4 	 T1 	 0.0 	6 	U 	U 	1.0 	0.0 	[-1, 0] 	6 	0
main	113 	4 	 T1 	 0.0 	14 	M 	M 	1.0 	0.0 	[1, 0] 	2 	0
main	114 	4 	 T1 	 0.0 	14 	G 	G 	1.0 	0.0 	[-1, 0] 	6 	0
main	115 	4 	 T1 	 0.0 	10 	C 	C 	1.0 	0.0 	[-1, 0] 	2 	0
main	116 	4 	 T1 	 0.0 	18 	S 	S 	1.0 	0.0 	[-1, 0] 	6 	0
main	117 	4 	 T1 	 0.0 	22 	H 	G 	0.0 	-1.0 	[1, 0] 	2 	0
main	118 	4 	 T1 	 0.0 	18 	D 	B 	0.0 	-1.0 	[1, 0] 	2 	0
main	119 	4 	 T1 	 0.0 	18 	O 	O 	1.0 	0.0 	[-1, 0] 	2 	0
main	120 	4 	 T1 	 0.0 	6 	I 	W 	0.0 	-2.0 	[1, 0] 	6 	0
main	121 	4 	 T1 	 0.0 	18 	V 	R 	0.0 	-1.0 	[1, 0] 	2 	0
main	122 	4 	 T1 	 0.0 	10 	H 	D 	0.0 	-1.0 	[1, 0] 	6 	0
main	123 	4 	 T1 	 0.0 	22 	U 	U 	1.0 	0.0 	[1, 0] 	2 	0
main	124 	4 	 T1 	 0.0 	10 	O 	G 	0.0 	-1.0 	[1, 0] 	2 	0
main	125 	4 	 T1 	 0.0 	10 	J 	J 	1.0 	0.0 	[-1, 0] 	6 	0
main	126 	4 	 T1 	 0.0 	6 	H 	N 	0.0 	-2.0 	[1, 0] 	2 	0
main	127 	4 	 T1 	 0.0 	14 	E 	E 	1.0 	0.0 	[1, 0] 	6 	0
main	128 	4 	 T1 	 0.0 	22 	S 	S 	1.0 	0.0 	[1, 0] 	6 	0
main	129 	4 	 T1 	 0.0 	14 	I 	J 	0.0 	-1.0 	[-1, 0] 	6 	0
main	130 	4 	 T1 	 0.0 	6 	I 	S 	0.0 	-4.0 	[-1, 0] 	2 	0
main	131 	4 	 T1 	 0.0 	10 	C 	C 	1.0 	0.0 	[-1, 0] 	2 	0
main	132 	4 	 T1 	 0.0 	6 	C 	C 	1.0 	0.0 	[-1, 0] 	6 	0
main	133 	4 	 T1 	 0.0 	22 	V 	Z 	0.0 	-1.0 	[-1, 0] 	2 	0
main	134 	4 	 T1 	 0.0 	18 	D 	D 	1.0 	0.0 	[-1, 0] 	6 	0
main	135 	4 	 T1 	 0.0 	18 	E 	E 	1.0 	0.0 	[1, 0] 	6 	0
main	136 	4 	 T1 	 0.0 	14 	X 	X 	1.0 	0.0 	[-1, 0] 	2 	0
main	137 	4 	 T1 	 0.0 	18 	T 	T 	1.0 	0.0 	[-1, 0] 	2 	0
main	138 	4 	 T1 	 0.0 	22 	D 	B 	0.0 	1.0 	[-1, 0] 	6 	0
main	139 	4 	 T1 	 0.0 	14 	B 	B 	1.0 	0.0 	[1, 0] 	2 	0
main	140 	4 	 T1 	 0.0 	10 	F 	F 	1.0 	0.0 	[1, 0] 	2 	0
main	141 	4 	 T1 	 0.0 	14 	S 	S 	1.0 	0.0 	[1, 0] 	2 	0
main	142 	4 	 T1 	 0.0 	18 	K 	B 	0.0 	1.0 	[-1, 0] 	2 	0
main	143 	4 	 T1 	 0.0 	10 	Q 	Q 	1.0 	0.0 	[-1, 0] 	2 	0
main	144 	4 	 T1 	 0.0 	22 	O 	M 	0.0 	-1.0 	[1, 0] 	2 	0
main	145 	4 	 T1 	 0.0 	18 	O 	O 	1.0 	0.0 	[1, 0] 	2 	0
main	146 	4 	 T1 	 0.0 	10 	D 	D 	1.0 	0.0 	[-1, 0] 	6 	0
main	147 	4 	 T1 	 0.0 	22 	D 	D 	1.0 	0.0 	[-1, 0] 	6 	0
main	148 	4 	 T1 	 0.0 	6 	M 	M 	1.0 	0.0 	[1, 0] 	6 	0
main	149 	4 	 T1 	 0.0 	22 	G 	G 	1.0 	0.0 	[1, 0] 	6 	0
main	150 	4 	 T1 	 0.0 	18 	W 	B 	0.0 	-1.0 	[1, 0] 	6 	0
main	151 	4 	 T1 	 0.0 	14 	R 	R 	1.0 	0.0 	[-1, 0] 	6 	0
main	152 	4 	 T1 	 0.0 	18 	B 	B 	1.0 	0.0 	[-1, 0] 	6 	0
main	153 	4 	 T1 	 0.0 	14 	X 	M 	0.0 	-3.0 	[1, 0] 	6 	0
main	154 	4 	 T1 	 0.0 	14 	T 	T 	1.0 	0.0 	[-1, 0] 	2 	0
main	155 	4 	 T1 	 0.0 	22 	C 	C 	1.0 	0.0 	[-1, 0] 	2 	0
main	156 	4 	 T1 	 0.0 	6 	S 	S 	1.0 	0.0 	[1, 0] 	2 	0
main	157 	4 	 T1 	 0.0 	10 	H 	P 	0.0 	-1.0 	[1, 0] 	6 	0
main	158 	4 	 T1 	 0.0 	6 	F 	F 	1.0 	0.0 	[-1, 0] 	2 	0
main	159 	4 	 T1 	 0.0 	6 	S 	S 	1.0 	0.0 	[-1, 0] 	6 	0
main	160 	4 	 T1 	 0.0 	18 	A 	A 	1.0 	0.0 	[1, 0] 	2 	0
main	161 	4 	 T1 	 0.0 	14 	E 	E 	1.0 	0.0 	[1, 0] 	2 	0
main	162 	4 	 T1 	 0.0 	18 	Y 	P 	0.0 	-1.0 	[-1, 0] 	6 	0
main	163 	4 	 T1 	 0.0 	22 	A 	A 	1.0 	0.0 	[1, 0] 	2 	0
main	164 	4 	 T1 	 0.0 	6 	F 	E 	0.0 	-2.0 	[-1, 0] 	2 	0
main	165 	4 	 T1 	 0.0 	10 	G 	G 	1.0 	0.0 	[1, 0] 	6 	0
main	166 	4 	 T1 	 0.0 	18 	B 	B 	1.0 	0.0 	[1, 0] 	6 	0
main	167 	4 	 T1 	 0.0 	6 	W 	S 	0.0 	1.0 	[-1, 0] 	6 	0
main	168 	4 	 T1 	 0.0 	10 	A 	A 	1.0 	0.0 	[-1, 0] 	2 	0
main	169 	4 	 T1 	 0.0 	10 	M 	M 	1.0 	0.0 	[1, 0] 	2 	0
main	170 	4 	 T1 	 0.0 	6 	I 	R 	0.0 	-1.0 	[1, 0] 	6 	0
main	171 	4 	 T1 	 0.0 	22 	Y 	X 	0.0 	1.0 	[1, 0] 	6 	0
main	172 	4 	 T1 	 0.0 	10 	S 	S 	1.0 	0.0 	[-1, 0] 	6 	0
main	173 	4 	 T1 	 0.0 	22 	E 	E 	1.0 	0.0 	[-1, 0] 	6 	0
main	174 	4 	 T1 	 0.0 	6 	O 	O 	1.0 	0.0 	[1, 0] 	2 	0
main	175 	4 	 T1 	 0.0 	22 	P 	P 	1.0 	0.0 	[-1, 0] 	2 	0
main	176 	4 	 T1 	 0.0 	14 	G 	G 	1.0 	0.0 	[-1, 0] 	2 	0
main	177 	4 	 T1 	 0.0 	14 	D 	R 	0.0 	1.0 	[1, 0] 	6 	0
main	178 	4 	 T1 	 0.0 	18 	J 	J 	1.0 	0.0 	[-1, 0] 	2 	0
main	179 	4 	 T1 	 0.0 	14 	E 	P 	0.0 	-2.0 	[-1, 0] 	6 	0
main	180 	4 	 T1 	 0.0 	18 	H 	H 	1.0 	0.0 	[-1, 0] 	6 	0
main	181 	4 	 T1 	 0.0 	6 	J 	H 	0.0 	-1.0 	[1, 0] 	2 	0
main	182 	4 	 T1 	 0.0 	22 	D 	K 	0.0 	1.0 	[-1, 0] 	2 	0
main	183 	4 	 T1 	 0.0 	10 	H 	G 	0.0 	1.0 	[1, 0] 	2 	0
main	184 	4 	 T1 	 0.0 	14 	Q 	Q 	1.0 	0.0 	[-1, 0] 	2 	0
main	185 	4 	 T1 	 0.0 	18 	R 	R 	1.0 	0.0 	[-1, 0] 	2 	0
main	186 	4 	 T1 	 0.0 	22 	V 	A 	0.0 	1.0 	[-1, 0] 	6 	0
main	187 	4 	 T1 	 0.0 	6 	I 	L 	0.0 	1.0 	[1, 0] 	6 	0
main	188 	4 	 T1 	 0.0 	10 	S 	S 	1.0 	0.0 	[1, 0] 	6 	0
main	189 	4 	 T1 	 0.0 	6 	C 	D 	0.0 	1.0 	[-1, 0] 	6 	0
main	190 	4 	 T1 	 0.0 	18 	I 	B 	0.0 	-1.0 	[1, 0] 	2 	0
main	191 	4 	 T1 	 0.0 	14 	N 	N 	1.0 	0.0 	[1, 0] 	2 	0
main	192 	4 	 T1 	 0.0 	10 	A 	M 	0.0 	-1.0 	[-1, 0] 	6 	0
main	193 	4 	 T1 	 0.0 	14 	H 	S 	0.0 	1.0 	[-1, 0] 	6 	0
main	194 	4 	 T1 	 0.0 	6 	X 	X 	1.0 	0.0 	[-1, 0] 	2 	0
main	195 	4 	 T1 	 0.0 	22 	M 	M 	1.0 	0.0 	[1, 0] 	2 	0
main	196 	4 	 T1 	 0.0 	10 	N 	N 	1.0 	0.0 	[-1, 0] 	2 	0
main	197 	4 	 T1 	 0.0 	14 	K 	N 	0.0 	1.0 	[1, 0] 	6 	0
main	198 	4 	 T1 	 0.0 	22 	J 	J 	1.0 	0.0 	[1, 0] 	6 	0
main	199 	4 	 T1 	 0.0 	18 	H 	W 	0.0 	-1.0 	[1, 0] 	6 	0
main	200 	4 	 T1 	 0.0 	14 	I 	A 	0.0 	-1.0 	[-1, 0] 	6 	0
main	201 	4 	 T1 	 0.0 	18 	K 	K 	1.0 	0.0 	[-1, 0] 	2 	0
main	202 	4 	 T1 	 0.0 	10 	O 	B 	0.0 	-1.0 	[1, 0] 	2 	0
main	203 	4 	 T1 	 0.0 	18 	U 	U 	1.0 	0.0 	[1, 0] 	2 	0
main	204 	4 	 T1 	 0.0 	6 	G 	G 	1.0 	0.0 	[-1, 0] 	2 	0
main	205 	4 	 T1 	 0.0 	22 	P 	P 	1.0 	0.0 	[-1, 0] 	6 	0
main	206 	4 	 T1 	 0.0 	14 	B 	B 	1.0 	0.0 	[-1, 0] 	2 	0
main	207 	4 	 T1 	 0.0 	6 	R 	R 	1.0 	0.0 	[1, 0] 	2 	0
main	208 	4 	 T1 	 0.0 	10 	N 	N 	1.0 	0.0 	[-1, 0] 	6 	0
main	209 	4 	 T1 	 0.0 	14 	Q 	E 	0.0 	-1.0 	[1, 0] 	2 	0
main	210 	4 	 T1 	 0.0 	10 	L 	Z 	0.0 	1.0 	[1, 0] 	6 	0
main	211 	4 	 T1 	 0.0 	18 	W 	W 	1.0 	0.0 	[1, 0] 	6 	0
main	212 	4 	 T1 	 0.0 	6 	Q 	G 	0.0 	-1.0 	[-1, 0] 	6 	0
main	213 	4 	 T1 	 0.0 	22 	N 	D 	0.0 	-1.0 	[1, 0] 	2 	0
main	214 	4 	 T1 	 0.0 	22 	E 	J 	0.0 	1.0 	[-1, 0] 	2 	0
main	215 	4 	 T1 	 0.0 	14 	C 	C 	1.0 	0.0 	[1, 0] 	6 	0
main	216 	4 	 T1 	 0.0 	22 	T 	T 	1.0 	0.0 	[1, 0] 	6 	0
main	217 	4 	 T1 	 0.0 	10 	D 	D 	1.0 	0.0 	[-1, 0] 	2 	0
main	218 	4 	 T1 	 0.0 	18 	Y 	S 	0.0 	-2.0 	[-1, 0] 	6 	0
main	219 	4 	 T1 	 0.0 	6 	P 	P 	1.0 	0.0 	[1, 0] 	6 	0
main	220 	4 	 T1 	 0.0 	14 	M 	M 	1.0 	0.0 	[-1, 0] 	2 	0
main	221 	4 	 T1 	 0.0 	22 	X 	X 	1.0 	0.0 	[1, 0] 	6 	0
main	222 	4 	 T1 	 0.0 	14 	C 	C 	1.0 	0.0 	[1, 0] 	2 	0
main	223 	4 	 T1 	 0.0 	18 	S 	S 	1.0 	0.0 	[-1, 0] 	6 	0
main	224 	4 	 T1 	 0.0 	14 	X 	X 	1.0 	0.0 	[1, 0] 	6 	0
main	225 	4 	 T1 	 0.0 	10 	S 	M 	0.0 	-1.0 	[1, 0] 	6 	0
main	226 	4 	 T1 	 0.0 	6 	Q 	D 	0.0 	-1.0 	[1, 0] 	2 	0
main	227 	4 	 T1 	 0.0 	10 	F 	E 	0.0 	-1.0 	[-1, 0] 	2 	0
main	228 	4 	 T1 	 0.0 	10 	G 	G 	1.0 	0.0 	[1, 0] 	2 	0
main	229 	4 	 T1 	 0.0 	22 	F 	F 	1.0 	0.0 	[-1, 0] 	2 	0
main	230 	4 	 T1 	 0.0 	18 	K 	P 	0.0 	-2.0 	[-1, 0] 	2 	0
main	231 	4 	 T1 	 0.0 	22 	K 	S 	0.0 	1.0 	[-1, 0] 	6 	0
main	232 	4 	 T1 	 0.0 	18 	Y 	Y 	1.0 	0.0 	[1, 0] 	6 	0
main	233 	4 	 T1 	 0.0 	10 	S 	S 	1.0 	0.0 	[-1, 0] 	6 	0
main	234 	4 	 T1 	 0.0 	6 	D 	D 	1.0 	0.0 	[1, 0] 	6 	0
main	235 	4 	 T1 	 0.0 	6 	A 	A 	1.0 	0.0 	[-1, 0] 	6 	0
main	236 	4 	 T1 	 0.0 	22 	I 	D 	0.0 	1.0 	[1, 0] 	2 	0
main	237 	4 	 T1 	 0.0 	18 	Y 	Y 	1.0 	0.0 	[1, 0] 	2 	0
main	238 	4 	 T1 	 0.0 	6 	K 	K 	1.0 	0.0 	[-1, 0] 	2 	0
main	239 	4 	 T1 	 0.0 	14 	X 	D 	0.0 	1.0 	[-1, 0] 	6 	0
main	240 	4 	 T1 	 0.0 	6 	K 	K 	1.0 	0.0 	[-1, 0] 	6 	0
main	241 	4 	 T1 	 0.0 	22 	D 	D 	1.0 	0.0 	[1, 0] 	6 	0
main	242 	4 	 T1 	 0.0 	18 	J 	J 	1.0 	0.0 	[1, 0] 	2 	0
main	243 	4 	 T1 	 0.0 	22 	F 	M 	0.0 	-1.0 	[1, 0] 	2 	0
main	244 	4 	 T1 	 0.0 	6 	V 	M 	0.0 	-1.0 	[1, 0] 	6 	0
main	245 	4 	 T1 	 0.0 	22 	C 	O 	0.0 	-1.0 	[-1, 0] 	2 	0
main	246 	4 	 T1 	 0.0 	10 	N 	N 	1.0 	0.0 	[1, 0] 	2 	0
main	247 	4 	 T1 	 0.0 	18 	I 	W 	0.0 	1.0 	[-1, 0] 	2 	0
main	248 	4 	 T1 	 0.0 	10 	J 	J 	1.0 	0.0 	[-1, 0] 	2 	0
main	249 	4 	 T1 	 0.0 	14 	P 	P 	1.0 	0.0 	[1, 0] 	6 	0
main	250 	4 	 T1 	 0.0 	18 	Q 	A 	0.0 	-1.0 	[-1, 0] 	6 	0
main	251 	4 	 T1 	 0.0 	22 	Y 	X 	0.0 	-1.0 	[-1, 0] 	6 	0
main	252 	4 	 T1 	 0.0 	10 	E 	E 	1.0 	0.0 	[1, 0] 	6 	0
main	253 	4 	 T1 	 0.0 	18 	L 	L 	1.0 	0.0 	[1, 0] 	6 	0
main	254 	4 	 T1 	 0.0 	14 	Q 	Z 	0.0 	-1.0 	[-1, 0] 	2 	0
main	255 	4 	 T1 	 0.0 	14 	M 	M 	1.0 	0.0 	[-1, 0] 	6 	0
main	256 	4 	 T1 	 0.0 	14 	J 	J 	1.0 	0.0 	[1, 0] 	2 	0
main	257 	4 	 T1 	 0.0 	6 	N 	D 	0.0 	-2.0 	[1, 0] 	2 	0
main	258 	4 	 T1 	 0.0 	6 	H 	G 	0.0 	1.0 	[-1, 0] 	2 	0
main	259 	4 	 T1 	 0.0 	10 	A 	A 	1.0 	0.0 	[-1, 0] 	6 	0
main	260 	4 	 T1 	 0.0 	18 	B 	B 	1.0 	0.0 	[-1, 0] 	6 	0
main	261 	4 	 T1 	 0.0 	18 	E 	E 	1.0 	0.0 	[1, 0] 	2 	0
main	262 	4 	 T1 	 0.0 	22 	I 	S 	0.0 	-1.0 	[1, 0] 	2 	0
main	263 	4 	 T1 	 0.0 	18 	X 	S 	0.0 	-1.0 	[-1, 0] 	2 	0
main	264 	4 	 T1 	 0.0 	22 	U 	C 	0.0 	-1.0 	[-1, 0] 	6 	0
main	265 	4 	 T1 	 0.0 	10 	I 	E 	0.0 	-1.0 	[1, 0] 	2 	0
main	266 	4 	 T1 	 0.0 	6 	A 	R 	0.0 	1.0 	[1, 0] 	2 	0
main	267 	4 	 T1 	 0.0 	14 	P 	P 	1.0 	0.0 	[1, 0] 	2 	0
main	268 	4 	 T1 	 0.0 	14 	B 	B 	1.0 	0.0 	[1, 0] 	6 	0
main	269 	4 	 T1 	 0.0 	14 	P 	S 	0.0 	-1.0 	[-1, 0] 	2 	0
main	270 	4 	 T1 	 0.0 	14 	S 	P 	0.0 	1.0 	[-1, 0] 	6 	0
main	271 	4 	 T1 	 0.0 	10 	L 	R 	0.0 	1.0 	[1, 0] 	6 	0
main	272 	4 	 T1 	 0.0 	6 	N 	R 	0.0 	3.0 	[1, 0] 	6 	0
main	273 	4 	 T1 	 0.0 	22 	F 	E 	0.0 	-1.0 	[1, 0] 	6 	0
main	274 	4 	 T1 	 0.0 	6 	N 	N 	1.0 	0.0 	[-1, 0] 	2 	0
main	275 	4 	 T1 	 0.0 	10 	S 	S 	1.0 	0.0 	[-1, 0] 	6 	0
main	276 	4 	 T1 	 0.0 	18 	S 	S 	1.0 	0.0 	[1, 0] 	6 	0
main	277 	4 	 T1 	 0.0 	6 	Z 	B 	0.0 	-1.0 	[-1, 0] 	6 	0
main	278 	4 	 T1 	 0.0 	22 	H 	H 	1.0 	0.0 	[-1, 0] 	2 	0
main	279 	4 	 T1 	 0.0 	10 	U 	S 	0.0 	-1.0 	[-1, 0] 	2 	0
