trialnum	subject	answerPos0	answer0	response0	correct0	answerPos1	answer1	response1	correct1	cueSpatialPos	cueEccentricity	timingBlips
0 	13 	10 	G 	B 	0.0 	8 	B 	G 	0.0 	[-1, 0] 	1.5 	0
1 	13 	10 	B 	B 	1.0 	10 	G 	G 	1.0 	[1, 0] 	1.5 	0
2 	13 	10 	B 	B 	1.0 	13 	G 	G 	1.0 	[-1, 0] 	6.5 	0
3 	13 	10 	G 	G 	1.0 	8 	B 	B 	1.0 	[1, 0] 	9 	0
4 	13 	10 	B 	B 	1.0 	14 	G 	G 	1.0 	[1, 0] 	1.5 	0
5 	13 	10 	G 	G 	1.0 	8 	B 	B 	1.0 	[-1, 0] 	3 	0
6 	13 	10 	G 	B 	0.0 	9 	B 	G 	0.0 	[1, 0] 	6.5 	0
7 	13 	10 	B 	B 	1.0 	11 	G 	G 	1.0 	[-1, 0] 	1.5 	0
8 	13 	10 	G 	G 	1.0 	8 	B 	B 	1.0 	[1, 0] 	3 	0
9 	13 	10 	B 	B 	1.0 	14 	G 	G 	1.0 	[-1, 0] 	3 	0
10 	13 	10 	G 	G 	1.0 	9 	B 	B 	1.0 	[1, 0] 	9 	0
11 	13 	10 	B 	B 	1.0 	14 	G 	G 	1.0 	[1, 0] 	3 	0
12 	13 	10 	B 	B 	1.0 	12 	G 	G 	1.0 	[-1, 0] 	3 	0
13 	13 	10 	B 	B 	1.0 	13 	G 	G 	1.0 	[1, 0] 	6.5 	0
14 	13 	10 	G 	G 	1.0 	7 	B 	B 	1.0 	[-1, 0] 	1.5 	0
15 	13 	10 	G 	B 	0.0 	9 	B 	G 	0.0 	[-1, 0] 	1.5 	0
16 	13 	10 	B 	B 	1.0 	13 	G 	G 	1.0 	[-1, 0] 	1.5 	0
17 	13 	10 	B 	G 	0.0 	10 	G 	B 	0.0 	[1, 0] 	3 	0
18 	13 	10 	B 	G 	0.0 	12 	G 	B 	0.0 	[-1, 0] 	6.5 	0
19 	13 	10 	G 	G 	1.0 	6 	B 	B 	1.0 	[1, 0] 	1.5 	0
20 	13 	10 	G 	G 	1.0 	6 	B 	B 	1.0 	[-1, 0] 	9 	0
21 	13 	10 	B 	G 	0.0 	11 	G 	B 	0.0 	[-1, 0] 	9 	0
22 	13 	10 	B 	G 	0.0 	12 	G 	B 	0.0 	[1, 0] 	9 	0
23 	13 	10 	G 	G 	1.0 	7 	B 	B 	1.0 	[1, 0] 	1.5 	0
24 	13 	10 	G 	G 	1.0 	7 	B 	B 	1.0 	[1, 0] 	3 	0
25 	13 	10 	G 	G 	1.0 	8 	B 	B 	1.0 	[-1, 0] 	6.5 	0
26 	13 	10 	B 	G 	0.0 	10 	G 	B 	0.0 	[-1, 0] 	3 	0
27 	13 	10 	B 	G 	0.0 	12 	G 	B 	0.0 	[1, 0] 	3 	0
28 	13 	10 	G 	B 	0.0 	7 	B 	G 	0.0 	[1, 0] 	6.5 	0
29 	13 	10 	B 	B 	1.0 	13 	G 	G 	1.0 	[1, 0] 	1.5 	0
30 	13 	10 	B 	B 	1.0 	12 	G 	G 	1.0 	[-1, 0] 	1.5 	0
31 	13 	10 	B 	B 	1.0 	13 	G 	G 	1.0 	[-1, 0] 	3 	0
32 	13 	10 	B 	B 	1.0 	14 	G 	G 	1.0 	[1, 0] 	9 	0
33 	13 	10 	G 	G 	1.0 	7 	B 	B 	1.0 	[-1, 0] 	9 	0
34 	13 	10 	B 	G 	0.0 	13 	G 	B 	0.0 	[1, 0] 	3 	0
35 	13 	10 	G 	G 	1.0 	9 	B 	B 	1.0 	[-1, 0] 	6.5 	0
36 	13 	10 	B 	B 	1.0 	14 	G 	G 	1.0 	[-1, 0] 	6.5 	0
37 	13 	10 	B 	G 	0.0 	10 	G 	B 	0.0 	[-1, 0] 	1.5 	0
38 	13 	10 	B 	G 	0.0 	10 	G 	B 	0.0 	[1, 0] 	9 	0
39 	13 	10 	B 	G 	0.0 	10 	G 	B 	0.0 	[-1, 0] 	9 	0
40 	13 	10 	B 	G 	0.0 	13 	G 	B 	0.0 	[1, 0] 	9 	0
41 	13 	10 	G 	G 	1.0 	6 	B 	B 	1.0 	[-1, 0] 	3 	0
42 	13 	10 	B 	G 	0.0 	14 	G 	B 	0.0 	[-1, 0] 	9 	0
43 	13 	10 	G 	G 	1.0 	6 	B 	B 	1.0 	[-1, 0] 	6.5 	0
44 	13 	10 	B 	G 	0.0 	11 	G 	B 	0.0 	[-1, 0] 	3 	0
45 	13 	10 	B 	G 	0.0 	13 	G 	B 	0.0 	[-1, 0] 	9 	0
46 	13 	10 	G 	B 	0.0 	8 	B 	G 	0.0 	[1, 0] 	6.5 	0
47 	13 	10 	G 	G 	1.0 	7 	B 	B 	1.0 	[1, 0] 	9 	0
48 	13 	10 	B 	B 	1.0 	10 	G 	G 	1.0 	[1, 0] 	6.5 	0
49 	13 	10 	G 	G 	1.0 	6 	B 	B 	1.0 	[1, 0] 	9 	0
50 	13 	10 	B 	G 	0.0 	11 	G 	B 	0.0 	[1, 0] 	3 	0
51 	13 	10 	B 	G 	0.0 	10 	G 	B 	0.0 	[-1, 0] 	6.5 	0
52 	13 	10 	G 	G 	1.0 	8 	B 	B 	1.0 	[1, 0] 	1.5 	0
53 	13 	10 	B 	G 	0.0 	11 	G 	B 	0.0 	[1, 0] 	6.5 	0
54 	13 	10 	B 	B 	1.0 	12 	G 	G 	1.0 	[1, 0] 	1.5 	0
55 	13 	10 	G 	G 	1.0 	7 	B 	B 	1.0 	[-1, 0] 	6.5 	0
56 	13 	10 	G 	G 	1.0 	6 	B 	B 	1.0 	[-1, 0] 	1.5 	0
57 	13 	10 	G 	G 	1.0 	9 	B 	B 	1.0 	[1, 0] 	3 	0
58 	13 	10 	B 	B 	1.0 	14 	G 	G 	1.0 	[1, 0] 	6.5 	0
59 	13 	10 	G 	G 	1.0 	9 	B 	B 	1.0 	[-1, 0] 	9 	0
60 	13 	10 	B 	G 	0.0 	11 	G 	B 	0.0 	[1, 0] 	9 	0
61 	13 	10 	B 	B 	1.0 	12 	G 	G 	1.0 	[1, 0] 	6.5 	0
62 	13 	10 	G 	G 	1.0 	6 	B 	B 	1.0 	[1, 0] 	3 	0
63 	13 	10 	B 	G 	0.0 	11 	G 	B 	0.0 	[-1, 0] 	6.5 	0
64 	13 	10 	G 	G 	1.0 	6 	B 	B 	1.0 	[1, 0] 	6.5 	0
65 	13 	10 	B 	B 	1.0 	14 	G 	G 	1.0 	[-1, 0] 	1.5 	0
66 	13 	10 	G 	B 	0.0 	9 	B 	G 	0.0 	[1, 0] 	1.5 	0
67 	13 	10 	G 	G 	1.0 	8 	B 	B 	1.0 	[-1, 0] 	9 	0
68 	13 	10 	B 	B 	1.0 	11 	G 	G 	1.0 	[1, 0] 	1.5 	0
69 	13 	10 	G 	G 	1.0 	9 	B 	B 	1.0 	[-1, 0] 	3 	0
70 	13 	10 	B 	G 	0.0 	12 	G 	B 	0.0 	[-1, 0] 	9 	0
71 	13 	10 	G 	G 	1.0 	7 	B 	B 	1.0 	[-1, 0] 	3 	0
72 	13 	10 	G 	G 	1.0 	6 	B 	B 	1.0 	[1, 0] 	1.5 	0
73 	13 	10 	B 	B 	1.0 	13 	G 	G 	1.0 	[1, 0] 	1.5 	0
74 	13 	10 	G 	G 	1.0 	8 	B 	B 	1.0 	[1, 0] 	1.5 	0
75 	13 	10 	B 	B 	1.0 	10 	G 	G 	1.0 	[1, 0] 	6.5 	0
76 	13 	10 	B 	B 	1.0 	14 	G 	G 	1.0 	[-1, 0] 	6.5 	0
77 	13 	10 	G 	B 	0.0 	7 	B 	G 	0.0 	[1, 0] 	3 	0
78 	13 	10 	G 	G 	1.0 	6 	B 	B 	1.0 	[-1, 0] 	1.5 	0
79 	13 	10 	G 	G 	1.0 	7 	B 	B 	1.0 	[1, 0] 	9 	0
80 	13 	10 	G 	G 	1.0 	7 	B 	B 	1.0 	[-1, 0] 	1.5 	0
81 	13 	10 	B 	B 	1.0 	12 	G 	G 	1.0 	[-1, 0] 	1.5 	0
82 	13 	10 	G 	G 	1.0 	9 	B 	B 	1.0 	[1, 0] 	1.5 	0
83 	13 	10 	G 	G 	1.0 	6 	B 	B 	1.0 	[-1, 0] 	3 	4
84 	13 	10 	G 	G 	1.0 	9 	B 	B 	1.0 	[1, 0] 	6.5 	0
85 	13 	10 	B 	B 	1.0 	11 	G 	G 	1.0 	[1, 0] 	1.5 	0
86 	13 	10 	B 	B 	1.0 	14 	G 	G 	1.0 	[-1, 0] 	3 	0
87 	13 	10 	B 	B 	1.0 	13 	G 	G 	1.0 	[-1, 0] 	1.5 	0
88 	13 	10 	G 	G 	1.0 	7 	B 	B 	1.0 	[1, 0] 	1.5 	0
89 	13 	10 	G 	G 	1.0 	9 	B 	B 	1.0 	[1, 0] 	3 	0
90 	13 	10 	B 	B 	1.0 	13 	G 	G 	1.0 	[-1, 0] 	6.5 	0
91 	13 	10 	B 	G 	0.0 	14 	G 	B 	0.0 	[-1, 0] 	9 	0
92 	13 	10 	G 	G 	1.0 	6 	B 	B 	1.0 	[-1, 0] 	9 	0
93 	13 	10 	B 	B 	1.0 	13 	G 	G 	1.0 	[1, 0] 	3 	0
94 	13 	10 	B 	G 	0.0 	10 	G 	B 	0.0 	[-1, 0] 	3 	0
95 	13 	10 	G 	G 	1.0 	9 	B 	B 	1.0 	[1, 0] 	9 	0
96 	13 	10 	B 	B 	1.0 	14 	G 	G 	1.0 	[1, 0] 	9 	0
97 	13 	10 	G 	G 	1.0 	8 	B 	B 	1.0 	[-1, 0] 	1.5 	0
98 	13 	10 	B 	B 	1.0 	14 	G 	G 	1.0 	[-1, 0] 	1.5 	0
99 	13 	10 	G 	G 	1.0 	8 	B 	B 	1.0 	[1, 0] 	6.5 	0
100 	13 	10 	B 	B 	1.0 	13 	G 	G 	1.0 	[-1, 0] 	3 	4
101 	13 	10 	B 	B 	1.0 	12 	G 	G 	1.0 	[-1, 0] 	3 	0
102 	13 	10 	G 	G 	1.0 	7 	B 	B 	1.0 	[-1, 0] 	3 	0
103 	13 	10 	B 	B 	1.0 	11 	G 	G 	1.0 	[1, 0] 	6.5 	0
104 	13 	10 	G 	G 	1.0 	7 	B 	B 	1.0 	[1, 0] 	6.5 	0
105 	13 	10 	B 	G 	0.0 	10 	G 	B 	0.0 	[-1, 0] 	1.5 	0
106 	13 	10 	G 	G 	1.0 	6 	B 	B 	1.0 	[-1, 0] 	6.5 	0
107 	13 	10 	B 	B 	1.0 	13 	G 	G 	1.0 	[1, 0] 	6.5 	0
108 	13 	10 	B 	B 	1.0 	14 	G 	G 	1.0 	[1, 0] 	6.5 	0
109 	13 	10 	G 	G 	1.0 	7 	B 	B 	1.0 	[-1, 0] 	9 	0
110 	13 	10 	B 	G 	0.0 	10 	G 	B 	0.0 	[1, 0] 	9 	0
111 	13 	10 	G 	G 	1.0 	8 	B 	B 	1.0 	[1, 0] 	9 	0
112 	13 	10 	B 	G 	0.0 	11 	G 	B 	0.0 	[-1, 0] 	6.5 	0
113 	13 	10 	G 	G 	1.0 	7 	B 	B 	1.0 	[-1, 0] 	6.5 	0
114 	13 	10 	B 	G 	0.0 	13 	G 	B 	0.0 	[1, 0] 	9 	0
115 	13 	10 	B 	G 	0.0 	12 	G 	B 	0.0 	[-1, 0] 	9 	0
116 	13 	10 	G 	G 	1.0 	9 	B 	B 	1.0 	[-1, 0] 	1.5 	0
117 	13 	10 	B 	B 	1.0 	11 	G 	G 	1.0 	[-1, 0] 	3 	0
118 	13 	10 	B 	B 	1.0 	14 	G 	G 	1.0 	[1, 0] 	1.5 	0
119 	13 	10 	G 	B 	0.0 	6 	B 	G 	0.0 	[1, 0] 	6.5 	0
120 	13 	10 	G 	G 	1.0 	9 	B 	B 	1.0 	[-1, 0] 	3 	0
121 	13 	10 	B 	B 	1.0 	12 	G 	G 	1.0 	[1, 0] 	6.5 	0
122 	13 	10 	B 	G 	0.0 	10 	G 	B 	0.0 	[-1, 0] 	9 	0
123 	13 	10 	B 	G 	0.0 	13 	G 	B 	0.0 	[-1, 0] 	9 	0
124 	13 	10 	B 	B 	1.0 	12 	G 	G 	1.0 	[1, 0] 	9 	0
125 	13 	10 	B 	G 	0.0 	11 	G 	B 	0.0 	[-1, 0] 	9 	0
126 	13 	10 	G 	G 	1.0 	9 	B 	B 	1.0 	[-1, 0] 	6.5 	0
127 	13 	10 	G 	G 	1.0 	8 	B 	B 	1.0 	[-1, 0] 	9 	0
128 	13 	10 	G 	G 	1.0 	9 	B 	B 	1.0 	[-1, 0] 	9 	0
129 	13 	10 	B 	B 	1.0 	12 	G 	G 	1.0 	[1, 0] 	1.5 	0
130 	13 	10 	B 	B 	1.0 	14 	G 	G 	1.0 	[1, 0] 	3 	0
131 	13 	10 	G 	G 	1.0 	6 	B 	B 	1.0 	[1, 0] 	3 	0
132 	13 	10 	B 	B 	1.0 	11 	G 	G 	1.0 	[1, 0] 	9 	0
133 	13 	10 	G 	G 	1.0 	6 	B 	B 	1.0 	[1, 0] 	9 	0
134 	13 	10 	B 	B 	1.0 	10 	G 	G 	1.0 	[1, 0] 	1.5 	0
135 	13 	10 	G 	G 	1.0 	8 	B 	B 	1.0 	[-1, 0] 	6.5 	0
136 	13 	10 	B 	B 	1.0 	10 	G 	G 	1.0 	[1, 0] 	3 	0
137 	13 	10 	B 	B 	1.0 	11 	G 	G 	1.0 	[1, 0] 	3 	0
138 	13 	10 	B 	B 	1.0 	12 	G 	G 	1.0 	[1, 0] 	3 	0
139 	13 	10 	G 	G 	1.0 	8 	B 	B 	1.0 	[1, 0] 	3 	0
140 	13 	10 	G 	G 	1.0 	8 	B 	B 	1.0 	[-1, 0] 	3 	0
141 	13 	10 	B 	G 	0.0 	11 	G 	B 	0.0 	[-1, 0] 	1.5 	0
142 	13 	10 	B 	G 	0.0 	10 	G 	B 	0.0 	[-1, 0] 	6.5 	0
143 	13 	10 	B 	B 	1.0 	12 	G 	G 	1.0 	[-1, 0] 	6.5 	0
144 	13 	10 	B 	G 	0.0 	12 	G 	B 	0.0 	[-1, 0] 	9 	0
145 	13 	10 	B 	B 	1.0 	10 	G 	G 	1.0 	[1, 0] 	6.5 	0
146 	13 	10 	B 	B 	1.0 	12 	G 	G 	1.0 	[1, 0] 	1.5 	0
147 	13 	10 	B 	B 	1.0 	14 	G 	G 	1.0 	[-1, 0] 	6.5 	0
148 	13 	10 	B 	B 	1.0 	11 	G 	G 	1.0 	[1, 0] 	6.5 	0
149 	13 	10 	B 	B 	1.0 	12 	G 	G 	1.0 	[1, 0] 	9 	0
150 	13 	10 	B 	G 	0.0 	13 	G 	B 	0.0 	[-1, 0] 	9 	0
151 	13 	10 	B 	B 	1.0 	13 	G 	G 	1.0 	[1, 0] 	9 	0
152 	13 	10 	G 	B 	0.0 	9 	B 	G 	0.0 	[1, 0] 	1.5 	0
153 	13 	10 	B 	B 	1.0 	13 	G 	G 	1.0 	[-1, 0] 	3 	0
154 	13 	10 	B 	B 	1.0 	12 	G 	G 	1.0 	[1, 0] 	6.5 	0
155 	13 	10 	B 	G 	0.0 	10 	G 	B 	0.0 	[-1, 0] 	6.5 	0
156 	13 	10 	B 	G 	0.0 	10 	G 	B 	0.0 	[-1, 0] 	3 	0
157 	13 	10 	B 	G 	0.0 	10 	G 	B 	0.0 	[1, 0] 	9 	0
158 	13 	10 	B 	B 	1.0 	14 	G 	G 	1.0 	[1, 0] 	1.5 	0
159 	13 	10 	B 	B 	1.0 	10 	G 	G 	1.0 	[1, 0] 	3 	0
160 	13 	10 	G 	G 	1.0 	6 	B 	B 	1.0 	[-1, 0] 	3 	0
161 	13 	10 	B 	G 	0.0 	11 	G 	B 	0.0 	[-1, 0] 	6.5 	0
162 	13 	10 	B 	B 	1.0 	13 	G 	G 	1.0 	[-1, 0] 	1.5 	0
163 	13 	10 	G 	G 	1.0 	6 	B 	B 	1.0 	[1, 0] 	1.5 	0
164 	13 	10 	G 	G 	1.0 	6 	B 	B 	1.0 	[-1, 0] 	9 	0
165 	13 	10 	B 	B 	1.0 	12 	G 	G 	1.0 	[-1, 0] 	1.5 	0
166 	13 	10 	G 	B 	0.0 	8 	B 	G 	0.0 	[1, 0] 	6.5 	0
167 	13 	10 	G 	G 	1.0 	8 	B 	B 	1.0 	[1, 0] 	1.5 	0
168 	13 	10 	G 	G 	1.0 	9 	B 	B 	1.0 	[1, 0] 	6.5 	0
169 	13 	10 	G 	G 	1.0 	8 	B 	B 	1.0 	[-1, 0] 	9 	0
170 	13 	10 	B 	B 	1.0 	12 	G 	G 	1.0 	[-1, 0] 	3 	0
171 	13 	10 	B 	B 	1.0 	11 	G 	G 	1.0 	[1, 0] 	3 	0
172 	13 	10 	G 	G 	1.0 	9 	B 	B 	1.0 	[-1, 0] 	9 	0
173 	13 	10 	G 	G 	1.0 	8 	B 	B 	1.0 	[1, 0] 	3 	0
174 	13 	10 	B 	B 	1.0 	14 	G 	G 	1.0 	[-1, 0] 	1.5 	0
175 	13 	10 	B 	B 	1.0 	11 	G 	G 	1.0 	[1, 0] 	1.5 	0
176 	13 	10 	G 	G 	1.0 	6 	B 	B 	1.0 	[1, 0] 	9 	0
177 	13 	10 	B 	B 	1.0 	14 	G 	G 	1.0 	[1, 0] 	9 	0
178 	13 	10 	G 	G 	1.0 	7 	B 	B 	1.0 	[-1, 0] 	3 	0
179 	13 	10 	G 	G 	1.0 	7 	B 	B 	1.0 	[1, 0] 	1.5 	0
180 	13 	10 	B 	B 	1.0 	13 	G 	G 	1.0 	[1, 0] 	3 	0
181 	13 	10 	G 	G 	1.0 	9 	B 	B 	1.0 	[1, 0] 	3 	0
182 	13 	10 	B 	B 	1.0 	13 	G 	G 	1.0 	[1, 0] 	6.5 	0
183 	13 	10 	G 	G 	1.0 	9 	B 	B 	1.0 	[-1, 0] 	3 	0
184 	13 	10 	B 	B 	1.0 	12 	G 	G 	1.0 	[1, 0] 	3 	0
185 	13 	10 	G 	G 	1.0 	6 	B 	B 	1.0 	[-1, 0] 	6.5 	0
186 	13 	10 	G 	G 	1.0 	7 	B 	B 	1.0 	[1, 0] 	6.5 	0
187 	13 	10 	G 	G 	1.0 	7 	B 	B 	1.0 	[1, 0] 	9 	0
188 	13 	10 	G 	G 	1.0 	6 	B 	B 	1.0 	[1, 0] 	3 	0
189 	13 	10 	G 	G 	1.0 	8 	B 	B 	1.0 	[-1, 0] 	6.5 	0
190 	13 	10 	G 	G 	1.0 	8 	B 	B 	1.0 	[-1, 0] 	1.5 	0
191 	13 	10 	G 	G 	1.0 	6 	B 	B 	1.0 	[-1, 0] 	1.5 	0
192 	13 	10 	B 	B 	1.0 	13 	G 	G 	1.0 	[-1, 0] 	6.5 	0
193 	13 	10 	B 	B 	1.0 	13 	G 	G 	1.0 	[1, 0] 	1.5 	0
194 	13 	10 	B 	B 	1.0 	11 	G 	G 	1.0 	[-1, 0] 	1.5 	0
195 	13 	10 	G 	G 	1.0 	8 	B 	B 	1.0 	[1, 0] 	9 	0
196 	13 	10 	G 	G 	1.0 	8 	B 	B 	1.0 	[-1, 0] 	3 	0
197 	13 	10 	G 	G 	1.0 	7 	B 	B 	1.0 	[-1, 0] 	1.5 	0
198 	13 	10 	B 	B 	1.0 	14 	G 	G 	1.0 	[1, 0] 	6.5 	0
199 	13 	10 	B 	G 	0.0 	14 	G 	B 	0.0 	[-1, 0] 	9 	0
200 	13 	10 	B 	G 	0.0 	10 	G 	B 	0.0 	[1, 0] 	1.5 	0
201 	13 	10 	G 	G 	1.0 	7 	B 	B 	1.0 	[-1, 0] 	9 	0
202 	13 	10 	B 	G 	0.0 	11 	G 	B 	0.0 	[-1, 0] 	9 	0
203 	13 	10 	B 	G 	0.0 	10 	G 	B 	0.0 	[-1, 0] 	9 	0
204 	13 	10 	G 	G 	1.0 	6 	B 	B 	1.0 	[1, 0] 	6.5 	0
205 	13 	10 	G 	G 	1.0 	7 	B 	B 	1.0 	[-1, 0] 	6.5 	0
206 	13 	10 	G 	G 	1.0 	9 	B 	B 	1.0 	[1, 0] 	9 	0
207 	13 	10 	B 	G 	0.0 	11 	G 	B 	0.0 	[1, 0] 	9 	0
208 	13 	10 	B 	G 	0.0 	12 	G 	B 	0.0 	[-1, 0] 	6.5 	0
209 	13 	10 	B 	B 	1.0 	14 	G 	G 	1.0 	[1, 0] 	3 	0
210 	13 	10 	G 	G 	1.0 	9 	B 	B 	1.0 	[-1, 0] 	6.5 	0
211 	13 	10 	G 	G 	1.0 	7 	B 	B 	1.0 	[1, 0] 	3 	0
212 	13 	10 	B 	B 	1.0 	14 	G 	G 	1.0 	[-1, 0] 	3 	0
213 	13 	10 	B 	B 	1.0 	10 	G 	G 	1.0 	[-1, 0] 	1.5 	6
214 	13 	10 	G 	G 	1.0 	9 	B 	B 	1.0 	[-1, 0] 	1.5 	0
215 	13 	10 	B 	G 	0.0 	11 	G 	B 	0.0 	[-1, 0] 	3 	0
216 	13 	10 	B 	B 	1.0 	12 	G 	G 	1.0 	[1, 0] 	9 	0
217 	13 	10 	B 	B 	1.0 	14 	G 	G 	1.0 	[1, 0] 	1.5 	0
218 	13 	10 	B 	G 	0.0 	12 	G 	B 	0.0 	[-1, 0] 	9 	0
219 	13 	10 	B 	G 	0.0 	14 	G 	B 	0.0 	[1, 0] 	6.5 	0
220 	13 	10 	B 	B 	1.0 	14 	G 	G 	1.0 	[1, 0] 	3 	0
221 	13 	10 	B 	B 	1.0 	11 	G 	G 	1.0 	[-1, 0] 	6.5 	0
222 	13 	10 	G 	G 	1.0 	6 	B 	B 	1.0 	[-1, 0] 	3 	0
223 	13 	10 	G 	G 	1.0 	9 	B 	B 	1.0 	[-1, 0] 	6.5 	0
224 	13 	10 	B 	G 	0.0 	10 	G 	B 	0.0 	[1, 0] 	3 	0
225 	13 	10 	G 	G 	1.0 	6 	B 	B 	1.0 	[1, 0] 	6.5 	0
226 	13 	10 	G 	G 	1.0 	6 	B 	B 	1.0 	[-1, 0] 	9 	0
227 	13 	10 	G 	G 	1.0 	7 	B 	B 	1.0 	[-1, 0] 	6.5 	0
228 	13 	10 	G 	G 	1.0 	9 	B 	B 	1.0 	[-1, 0] 	9 	0
229 	13 	10 	B 	B 	1.0 	13 	G 	G 	1.0 	[-1, 0] 	6.5 	0
230 	13 	10 	B 	B 	1.0 	10 	G 	G 	1.0 	[-1, 0] 	1.5 	0
231 	13 	10 	G 	G 	1.0 	9 	B 	B 	1.0 	[-1, 0] 	3 	0
232 	13 	10 	B 	G 	0.0 	13 	G 	B 	0.0 	[-1, 0] 	9 	0
233 	13 	10 	B 	G 	0.0 	12 	G 	B 	0.0 	[1, 0] 	1.5 	0
234 	13 	10 	B 	G 	0.0 	10 	G 	B 	0.0 	[1, 0] 	9 	0
235 	13 	10 	B 	G 	0.0 	13 	G 	B 	0.0 	[1, 0] 	9 	0
236 	13 	10 	B 	B 	1.0 	12 	G 	G 	1.0 	[-1, 0] 	6.5 	0
237 	13 	10 	G 	G 	1.0 	6 	B 	B 	1.0 	[-1, 0] 	1.5 	0
238 	13 	10 	G 	G 	1.0 	6 	B 	B 	1.0 	[1, 0] 	1.5 	0
239 	13 	10 	G 	G 	1.0 	6 	B 	B 	1.0 	[-1, 0] 	6.5 	0
240 	13 	10 	G 	G 	1.0 	6 	B 	B 	1.0 	[1, 0] 	9 	0
241 	13 	10 	B 	G 	0.0 	10 	G 	B 	0.0 	[-1, 0] 	9 	0
242 	13 	10 	B 	B 	1.0 	12 	G 	G 	1.0 	[1, 0] 	3 	0
243 	13 	10 	B 	B 	1.0 	10 	G 	G 	1.0 	[1, 0] 	1.5 	0
244 	13 	10 	G 	G 	1.0 	8 	B 	B 	1.0 	[-1, 0] 	9 	0
245 	13 	10 	B 	B 	1.0 	13 	G 	G 	1.0 	[1, 0] 	3 	0
246 	13 	10 	G 	G 	1.0 	8 	B 	B 	1.0 	[-1, 0] 	3 	0
247 	13 	10 	B 	G 	0.0 	10 	G 	B 	0.0 	[-1, 0] 	3 	0
248 	13 	10 	G 	G 	1.0 	9 	B 	B 	1.0 	[1, 0] 	3 	0
249 	13 	10 	G 	G 	1.0 	8 	B 	B 	1.0 	[-1, 0] 	1.5 	0
250 	13 	10 	G 	B 	0.0 	7 	B 	G 	0.0 	[1, 0] 	6.5 	0
251 	13 	10 	G 	G 	1.0 	9 	B 	B 	1.0 	[1, 0] 	9 	0
252 	13 	10 	G 	G 	1.0 	8 	B 	B 	1.0 	[1, 0] 	9 	0
253 	13 	10 	G 	G 	1.0 	8 	B 	B 	1.0 	[-1, 0] 	6.5 	0
254 	13 	10 	B 	B 	1.0 	11 	G 	G 	1.0 	[1, 0] 	1.5 	0
255 	13 	10 	B 	G 	0.0 	11 	G 	B 	0.0 	[1, 0] 	6.5 	0
256 	13 	10 	G 	G 	1.0 	7 	B 	B 	1.0 	[1, 0] 	3 	0
257 	13 	10 	B 	G 	0.0 	12 	G 	B 	0.0 	[1, 0] 	6.5 	0
258 	13 	10 	B 	G 	0.0 	11 	G 	B 	0.0 	[-1, 0] 	9 	0
259 	13 	10 	B 	B 	1.0 	13 	G 	G 	1.0 	[-1, 0] 	1.5 	0
260 	13 	10 	G 	G 	1.0 	7 	B 	B 	1.0 	[-1, 0] 	1.5 	0
261 	13 	10 	G 	G 	1.0 	8 	B 	B 	1.0 	[1, 0] 	3 	0
262 	13 	10 	B 	G 	0.0 	10 	G 	B 	0.0 	[-1, 0] 	6.5 	0
263 	13 	10 	G 	G 	1.0 	7 	B 	B 	1.0 	[1, 0] 	9 	0
264 	13 	10 	B 	B 	1.0 	11 	G 	G 	1.0 	[1, 0] 	3 	0
265 	13 	10 	B 	B 	1.0 	12 	G 	G 	1.0 	[-1, 0] 	3 	0
266 	13 	10 	B 	B 	1.0 	13 	G 	G 	1.0 	[-1, 0] 	3 	0
267 	13 	10 	B 	G 	0.0 	13 	G 	B 	0.0 	[1, 0] 	6.5 	0
268 	13 	10 	G 	G 	1.0 	8 	B 	B 	1.0 	[1, 0] 	6.5 	0
269 	13 	10 	B 	B 	1.0 	14 	G 	G 	1.0 	[-1, 0] 	1.5 	0
270 	13 	10 	B 	G 	0.0 	11 	G 	B 	0.0 	[1, 0] 	9 	0
271 	13 	10 	G 	G 	1.0 	9 	B 	B 	1.0 	[1, 0] 	6.5 	0
272 	13 	10 	G 	G 	1.0 	7 	B 	B 	1.0 	[-1, 0] 	9 	0
273 	13 	10 	G 	G 	1.0 	9 	B 	B 	1.0 	[1, 0] 	1.5 	0
274 	13 	10 	B 	B 	1.0 	14 	G 	G 	1.0 	[-1, 0] 	3 	0
275 	13 	10 	B 	B 	1.0 	12 	G 	G 	1.0 	[-1, 0] 	1.5 	0
276 	13 	10 	B 	B 	1.0 	11 	G 	G 	1.0 	[-1, 0] 	3 	0
277 	13 	10 	G 	G 	1.0 	7 	B 	B 	1.0 	[-1, 0] 	3 	0
278 	13 	10 	B 	B 	1.0 	10 	G 	G 	1.0 	[1, 0] 	6.5 	0
279 	13 	10 	B 	B 	1.0 	14 	G 	G 	1.0 	[1, 0] 	9 	0
280 	13 	10 	B 	B 	1.0 	13 	G 	G 	1.0 	[1, 0] 	1.5 	0
281 	13 	10 	G 	G 	1.0 	8 	B 	B 	1.0 	[1, 0] 	1.5 	0
282 	13 	10 	B 	B 	1.0 	11 	G 	G 	1.0 	[-1, 0] 	1.5 	0
283 	13 	10 	G 	G 	1.0 	6 	B 	B 	1.0 	[1, 0] 	3 	0
284 	13 	10 	G 	G 	1.0 	9 	B 	B 	1.0 	[-1, 0] 	1.5 	0
285 	13 	10 	B 	G 	0.0 	14 	G 	B 	0.0 	[-1, 0] 	6.5 	0
286 	13 	10 	G 	G 	1.0 	7 	B 	B 	1.0 	[1, 0] 	1.5 	0
287 	13 	10 	B 	G 	0.0 	14 	G 	B 	0.0 	[-1, 0] 	9 	0
288 	13 	10 	G 	G 	1.0 	8 	B 	B 	1.0 	[-1, 0] 	3 	0
289 	13 	10 	B 	G 	0.0 	12 	G 	B 	0.0 	[1, 0] 	6.5 	0
290 	13 	10 	B 	B 	1.0 	14 	G 	G 	1.0 	[1, 0] 	1.5 	0
291 	13 	10 	B 	B 	1.0 	13 	G 	G 	1.0 	[-1, 0] 	3 	0
292 	13 	10 	B 	G 	0.0 	11 	G 	B 	0.0 	[1, 0] 	9 	0
293 	13 	10 	B 	G 	0.0 	12 	G 	B 	0.0 	[1, 0] 	9 	0
294 	13 	10 	B 	G 	0.0 	10 	G 	B 	0.0 	[-1, 0] 	1.5 	0
295 	13 	10 	B 	G 	0.0 	10 	G 	B 	0.0 	[-1, 0] 	9 	0
296 	13 	10 	B 	B 	1.0 	13 	G 	G 	1.0 	[1, 0] 	1.5 	0
297 	13 	10 	B 	B 	1.0 	13 	G 	G 	1.0 	[-1, 0] 	6.5 	0
298 	13 	10 	G 	B 	0.0 	8 	B 	G 	0.0 	[-1, 0] 	6.5 	0
299 	13 	10 	G 	G 	1.0 	7 	B 	B 	1.0 	[-1, 0] 	3 	0
300 	13 	10 	G 	G 	1.0 	6 	B 	B 	1.0 	[1, 0] 	3 	0
301 	13 	10 	G 	G 	1.0 	9 	B 	B 	1.0 	[-1, 0] 	1.5 	0
302 	13 	10 	G 	G 	1.0 	6 	B 	B 	1.0 	[-1, 0] 	9 	0
303 	13 	10 	G 	G 	1.0 	8 	B 	B 	1.0 	[-1, 0] 	1.5 	0
304 	13 	10 	G 	B 	0.0 	8 	B 	G 	0.0 	[1, 0] 	6.5 	0
305 	13 	10 	B 	G 	0.0 	11 	G 	B 	0.0 	[1, 0] 	6.5 	0
306 	13 	10 	B 	B 	1.0 	14 	G 	G 	1.0 	[1, 0] 	3 	0
307 	13 	10 	G 	G 	1.0 	7 	B 	B 	1.0 	[-1, 0] 	6.5 	0
308 	13 	10 	B 	B 	1.0 	12 	G 	G 	1.0 	[-1, 0] 	1.5 	0
309 	13 	10 	G 	G 	1.0 	9 	B 	B 	1.0 	[1, 0] 	6.5 	0
310 	13 	10 	B 	G 	0.0 	11 	G 	B 	0.0 	[-1, 0] 	6.5 	0
311 	13 	10 	G 	G 	1.0 	7 	B 	B 	1.0 	[-1, 0] 	9 	0
312 	13 	10 	B 	G 	0.0 	13 	G 	B 	0.0 	[1, 0] 	9 	0
313 	13 	10 	G 	G 	1.0 	8 	B 	B 	1.0 	[-1, 0] 	9 	0
314 	13 	10 	G 	G 	1.0 	9 	B 	B 	1.0 	[1, 0] 	3 	0
315 	13 	10 	G 	G 	1.0 	9 	B 	B 	1.0 	[-1, 0] 	9 	0
316 	13 	10 	B 	G 	0.0 	10 	G 	B 	0.0 	[1, 0] 	3 	0
317 	13 	10 	G 	G 	1.0 	8 	B 	B 	1.0 	[1, 0] 	9 	0
318 	13 	10 	B 	G 	0.0 	10 	G 	B 	0.0 	[1, 0] 	6.5 	0
319 	13 	10 	B 	G 	0.0 	14 	G 	B 	0.0 	[-1, 0] 	9 	0
320 	13 	10 	B 	G 	0.0 	14 	G 	B 	0.0 	[1, 0] 	6.5 	0
321 	13 	10 	B 	B 	1.0 	14 	G 	G 	1.0 	[-1, 0] 	1.5 	0
322 	13 	10 	B 	G 	0.0 	11 	G 	B 	0.0 	[1, 0] 	3 	0
323 	13 	10 	G 	G 	1.0 	7 	B 	B 	1.0 	[1, 0] 	1.5 	0
324 	13 	10 	G 	G 	1.0 	6 	B 	B 	1.0 	[-1, 0] 	6.5 	0
325 	13 	10 	B 	B 	1.0 	13 	G 	G 	1.0 	[1, 0] 	3 	0
326 	13 	10 	B 	G 	0.0 	10 	G 	B 	0.0 	[-1, 0] 	3 	0
327 	13 	10 	B 	G 	0.0 	12 	G 	B 	0.0 	[-1, 0] 	9 	0
328 	13 	10 	B 	G 	0.0 	10 	G 	B 	0.0 	[-1, 0] 	6.5 	0
329 	13 	10 	B 	B 	1.0 	11 	G 	G 	1.0 	[1, 0] 	1.5 	0
330 	13 	10 	B 	G 	0.0 	11 	G 	B 	0.0 	[-1, 0] 	1.5 	0
331 	13 	10 	B 	B 	1.0 	13 	G 	G 	1.0 	[-1, 0] 	1.5 	0
332 	13 	10 	G 	G 	1.0 	6 	B 	B 	1.0 	[1, 0] 	1.5 	0
333 	13 	10 	B 	G 	0.0 	13 	G 	B 	0.0 	[-1, 0] 	9 	0
334 	13 	10 	G 	G 	1.0 	7 	B 	B 	1.0 	[1, 0] 	3 	0
335 	13 	10 	G 	G 	1.0 	7 	B 	B 	1.0 	[-1, 0] 	1.5 	0
336 	13 	10 	B 	G 	0.0 	10 	G 	B 	0.0 	[1, 0] 	9 	0
337 	13 	10 	B 	G 	0.0 	11 	G 	B 	0.0 	[-1, 0] 	9 	0
338 	13 	10 	B 	B 	1.0 	12 	G 	G 	1.0 	[1, 0] 	1.5 	0
339 	13 	10 	B 	B 	1.0 	12 	G 	G 	1.0 	[-1, 0] 	3 	0
340 	13 	10 	B 	B 	1.0 	14 	G 	G 	1.0 	[1, 0] 	9 	0
341 	13 	10 	G 	G 	1.0 	6 	B 	B 	1.0 	[1, 0] 	9 	0
342 	13 	10 	G 	G 	1.0 	6 	B 	B 	1.0 	[-1, 0] 	1.5 	1
343 	13 	10 	B 	B 	1.0 	13 	G 	G 	1.0 	[1, 0] 	6.5 	0
344 	13 	10 	B 	G 	0.0 	11 	G 	B 	0.0 	[-1, 0] 	3 	0
345 	13 	10 	G 	G 	1.0 	6 	B 	B 	1.0 	[-1, 0] 	3 	0
346 	13 	10 	G 	G 	1.0 	8 	B 	B 	1.0 	[1, 0] 	1.5 	0
347 	13 	10 	G 	G 	1.0 	7 	B 	B 	1.0 	[1, 0] 	9 	0
348 	13 	10 	B 	B 	1.0 	12 	G 	G 	1.0 	[1, 0] 	3 	0
349 	13 	10 	G 	G 	1.0 	9 	B 	B 	1.0 	[-1, 0] 	3 	0
350 	13 	10 	B 	G 	0.0 	10 	G 	B 	0.0 	[1, 0] 	1.5 	0
351 	13 	10 	B 	G 	0.0 	12 	G 	B 	0.0 	[-1, 0] 	6.5 	0
352 	13 	10 	G 	G 	1.0 	8 	B 	B 	1.0 	[1, 0] 	3 	0
353 	13 	10 	G 	G 	1.0 	9 	B 	B 	1.0 	[-1, 0] 	6.5 	0
354 	13 	10 	B 	B 	1.0 	14 	G 	G 	1.0 	[-1, 0] 	3 	0
355 	13 	10 	B 	B 	1.0 	14 	G 	G 	1.0 	[-1, 0] 	6.5 	0
356 	13 	10 	G 	B 	0.0 	9 	B 	G 	0.0 	[1, 0] 	1.5 	0
357 	13 	10 	G 	G 	1.0 	7 	B 	B 	1.0 	[1, 0] 	6.5 	0
358 	13 	10 	G 	G 	1.0 	6 	B 	B 	1.0 	[1, 0] 	6.5 	0
359 	13 	10 	G 	G 	1.0 	9 	B 	B 	1.0 	[1, 0] 	9 	0
