experimentPhase	trialnum	subject	task	noisePercent	answerPos0	answer0	response0	correct0	responsePosRelative0	cueSpatialPos1	cueEccentricity1	timingBlips
main	0 	14 	 T1 	 0.0 	10 	J 	L 	0.0 	-9.0 	[-1, 0] 	6 	0
main	1 	14 	 T1 	 0.0 	22 	O 	C 	0.0 	1.0 	[-1, 0] 	2 	0
main	2 	14 	 T1 	 0.0 	6 	F 	M 	0.0 	1.0 	[-1, 0] 	10 	0
main	3 	14 	 T1 	 0.0 	18 	U 	J 	0.0 	-6.0 	[1, 0] 	6 	0
main	4 	14 	 T1 	 0.0 	14 	Y 	Y 	1.0 	0.0 	[1, 0] 	2 	0
main	5 	14 	 T1 	 0.0 	22 	G 	G 	1.0 	0.0 	[1, 0] 	10 	0
main	6 	14 	 T1 	 0.0 	18 	N 	U 	0.0 	1.0 	[-1, 0] 	6 	0
main	7 	14 	 T1 	 0.0 	10 	W 	W 	1.0 	0.0 	[1, 0] 	2 	0
main	8 	14 	 T1 	 0.0 	6 	V 	D 	0.0 	1.0 	[1, 0] 	2 	0
main	9 	14 	 T1 	 0.0 	22 	Z 	Z 	1.0 	0.0 	[1, 0] 	2 	0
main	10 	14 	 T1 	 0.0 	14 	D 	P 	0.0 	-1.0 	[-1, 0] 	10 	0
main	11 	14 	 T1 	 0.0 	18 	R 	G 	0.0 	1.0 	[1, 0] 	10 	0
main	12 	14 	 T1 	 0.0 	18 	G 	G 	1.0 	0.0 	[1, 0] 	2 	0
main	13 	14 	 T1 	 0.0 	14 	C 	C 	1.0 	0.0 	[-1, 0] 	2 	0
main	14 	14 	 T1 	 0.0 	22 	C 	J 	0.0 	-16.0 	[-1, 0] 	10 	0
main	15 	14 	 T1 	 0.0 	14 	L 	A 	0.0 	1.0 	[1, 0] 	6 	0
main	16 	14 	 T1 	 0.0 	14 	T 	T 	1.0 	0.0 	[-1, 0] 	6 	0
main	17 	14 	 T1 	 0.0 	10 	Z 	Z 	1.0 	0.0 	[1, 0] 	10 	0
main	18 	14 	 T1 	 0.0 	6 	N 	J 	0.0 	1.0 	[1, 0] 	6 	0
main	19 	14 	 T1 	 0.0 	22 	T 	M 	0.0 	-1.0 	[1, 0] 	6 	0
main	20 	14 	 T1 	 0.0 	10 	X 	T 	0.0 	-2.0 	[-1, 0] 	10 	0
main	21 	14 	 T1 	 0.0 	6 	G 	J 	0.0 	4.0 	[1, 0] 	10 	0
main	22 	14 	 T1 	 0.0 	14 	A 	A 	1.0 	0.0 	[1, 0] 	10 	0
main	23 	14 	 T1 	 0.0 	22 	Y 	R 	0.0 	-3.0 	[-1, 0] 	6 	0
main	24 	14 	 T1 	 0.0 	18 	V 	V 	1.0 	0.0 	[-1, 0] 	2 	0
main	25 	14 	 T1 	 0.0 	6 	I 	W 	0.0 	-1.0 	[-1, 0] 	6 	0
main	26 	14 	 T1 	 0.0 	10 	E 	E 	1.0 	0.0 	[-1, 0] 	2 	0
main	27 	14 	 T1 	 0.0 	18 	V 	B 	0.0 	-1.0 	[-1, 0] 	10 	0
main	28 	14 	 T1 	 0.0 	10 	S 	V 	0.0 	13.0 	[1, 0] 	6 	0
main	29 	14 	 T1 	 0.0 	6 	I 	Y 	0.0 	1.0 	[-1, 0] 	2 	0
main	30 	14 	 T1 	 0.0 	18 	Y 	Y 	1.0 	0.0 	[1, 0] 	6 	0
main	31 	14 	 T1 	 0.0 	18 	P 	P 	1.0 	0.0 	[-1, 0] 	6 	0
main	32 	14 	 T1 	 0.0 	6 	B 	B 	1.0 	0.0 	[1, 0] 	6 	0
main	33 	14 	 T1 	 0.0 	18 	M 	M 	1.0 	0.0 	[-1, 0] 	2 	0
main	34 	14 	 T1 	 0.0 	14 	P 	P 	1.0 	0.0 	[1, 0] 	10 	0
main	35 	14 	 T1 	 0.0 	6 	Y 	X 	0.0 	-1.0 	[-1, 0] 	10 	0
main	36 	14 	 T1 	 0.0 	14 	M 	M 	1.0 	0.0 	[-1, 0] 	6 	0
main	37 	14 	 T1 	 0.0 	22 	J 	J 	1.0 	0.0 	[1, 0] 	2 	0
main	38 	14 	 T1 	 0.0 	18 	Q 	Q 	1.0 	0.0 	[1, 0] 	2 	0
main	39 	14 	 T1 	 0.0 	10 	C 	C 	1.0 	0.0 	[1, 0] 	2 	0
main	40 	14 	 T1 	 0.0 	14 	I 	I 	1.0 	0.0 	[1, 0] 	2 	0
main	41 	14 	 T1 	 0.0 	14 	I 	T 	0.0 	-4.0 	[-1, 0] 	2 	0
main	42 	14 	 T1 	 0.0 	6 	P 	P 	1.0 	0.0 	[1, 0] 	10 	0
main	43 	14 	 T1 	 0.0 	22 	U 	H 	0.0 	3.0 	[-1, 0] 	10 	0
main	44 	14 	 T1 	 0.0 	6 	Z 	Z 	1.0 	0.0 	[-1, 0] 	6 	0
main	45 	14 	 T1 	 0.0 	18 	R 	Z 	0.0 	4.0 	[1, 0] 	10 	0
main	46 	14 	 T1 	 0.0 	14 	C 	C 	1.0 	0.0 	[-1, 0] 	10 	0
main	47 	14 	 T1 	 0.0 	6 	J 	J 	1.0 	0.0 	[-1, 0] 	2 	0
main	48 	14 	 T1 	 0.0 	10 	G 	W 	0.0 	-1.0 	[-1, 0] 	2 	0
main	49 	14 	 T1 	 0.0 	14 	X 	X 	1.0 	0.0 	[1, 0] 	6 	0
main	50 	14 	 T1 	 0.0 	22 	R 	R 	1.0 	0.0 	[1, 0] 	10 	0
main	51 	14 	 T1 	 0.0 	10 	U 	U 	1.0 	0.0 	[-1, 0] 	6 	0
main	52 	14 	 T1 	 0.0 	10 	A 	A 	1.0 	0.0 	[1, 0] 	6 	0
main	53 	14 	 T1 	 0.0 	10 	W 	W 	1.0 	0.0 	[1, 0] 	10 	0
main	54 	14 	 T1 	 0.0 	22 	A 	A 	1.0 	0.0 	[-1, 0] 	2 	0
main	55 	14 	 T1 	 0.0 	18 	Q 	Q 	1.0 	0.0 	[-1, 0] 	10 	0
main	56 	14 	 T1 	 0.0 	6 	X 	A 	0.0 	4.0 	[1, 0] 	2 	0
main	57 	14 	 T1 	 0.0 	22 	D 	D 	1.0 	0.0 	[1, 0] 	6 	0
main	58 	14 	 T1 	 0.0 	10 	W 	W 	1.0 	0.0 	[-1, 0] 	10 	0
main	59 	14 	 T1 	 0.0 	22 	G 	V 	0.0 	-1.0 	[-1, 0] 	6 	0
main	60 	14 	 T1 	 0.0 	10 	R 	P 	0.0 	2.0 	[-1, 0] 	6 	0
main	61 	14 	 T1 	 0.0 	14 	T 	T 	1.0 	0.0 	[1, 0] 	6 	0
main	62 	14 	 T1 	 0.0 	10 	A 	A 	1.0 	0.0 	[-1, 0] 	10 	0
main	63 	14 	 T1 	 0.0 	18 	B 	B 	1.0 	0.0 	[-1, 0] 	10 	0
main	64 	14 	 T1 	 0.0 	14 	I 	P 	0.0 	-1.0 	[-1, 0] 	10 	0
main	65 	14 	 T1 	 0.0 	22 	E 	S 	0.0 	1.0 	[-1, 0] 	2 	0
main	66 	14 	 T1 	 0.0 	6 	W 	W 	1.0 	0.0 	[-1, 0] 	6 	0
main	67 	14 	 T1 	 0.0 	18 	K 	Q 	0.0 	-1.0 	[1, 0] 	2 	0
main	68 	14 	 T1 	 0.0 	18 	W 	W 	1.0 	0.0 	[-1, 0] 	2 	0
main	69 	14 	 T1 	 0.0 	22 	K 	K 	1.0 	0.0 	[1, 0] 	10 	0
main	70 	14 	 T1 	 0.0 	6 	B 	B 	1.0 	0.0 	[1, 0] 	10 	0
main	71 	14 	 T1 	 0.0 	10 	O 	C 	0.0 	-3.0 	[1, 0] 	10 	0
main	72 	14 	 T1 	 0.0 	18 	Z 	B 	0.0 	-1.0 	[-1, 0] 	6 	0
main	73 	14 	 T1 	 0.0 	18 	R 	R 	1.0 	0.0 	[1, 0] 	10 	0
main	74 	14 	 T1 	 0.0 	18 	R 	K 	0.0 	-1.0 	[1, 0] 	6 	0
main	75 	14 	 T1 	 0.0 	10 	U 	U 	1.0 	0.0 	[-1, 0] 	2 	0
main	76 	14 	 T1 	 0.0 	14 	K 	K 	1.0 	0.0 	[-1, 0] 	6 	0
main	77 	14 	 T1 	 0.0 	22 	F 	C 	0.0 	-1.0 	[-1, 0] 	10 	0
main	78 	14 	 T1 	 0.0 	6 	R 	P 	0.0 	1.0 	[1, 0] 	6 	0
main	79 	14 	 T1 	 0.0 	14 	L 	J 	0.0 	1.0 	[1, 0] 	2 	0
main	80 	14 	 T1 	 0.0 	6 	G 	G 	1.0 	0.0 	[-1, 0] 	2 	0
main	81 	14 	 T1 	 0.0 	10 	N 	N 	1.0 	0.0 	[1, 0] 	2 	0
main	82 	14 	 T1 	 0.0 	6 	E 	M 	0.0 	-1.0 	[1, 0] 	2 	0
main	83 	14 	 T1 	 0.0 	22 	X 	X 	1.0 	0.0 	[1, 0] 	2 	0
main	84 	14 	 T1 	 0.0 	22 	X 	C 	0.0 	-1.0 	[1, 0] 	6 	0
main	85 	14 	 T1 	 0.0 	10 	Q 	Q 	1.0 	0.0 	[1, 0] 	6 	0
main	86 	14 	 T1 	 0.0 	22 	J 	M 	0.0 	1.0 	[-1, 0] 	6 	0
main	87 	14 	 T1 	 0.0 	14 	L 	L 	1.0 	0.0 	[-1, 0] 	2 	0
main	88 	14 	 T1 	 0.0 	6 	J 	J 	1.0 	0.0 	[-1, 0] 	10 	0
main	89 	14 	 T1 	 0.0 	14 	L 	G 	0.0 	-11.0 	[1, 0] 	10 	0
main	90 	14 	 T1 	 0.0 	6 	F 	F 	1.0 	0.0 	[-1, 0] 	2 	0
main	91 	14 	 T1 	 0.0 	14 	J 	J 	1.0 	0.0 	[1, 0] 	2 	0
main	92 	14 	 T1 	 0.0 	22 	Y 	Q 	0.0 	-1.0 	[-1, 0] 	10 	0
main	93 	14 	 T1 	 0.0 	18 	U 	W 	0.0 	-1.0 	[1, 0] 	6 	0
main	94 	14 	 T1 	 0.0 	14 	Y 	Y 	1.0 	0.0 	[1, 0] 	10 	0
main	95 	14 	 T1 	 0.0 	10 	B 	B 	1.0 	0.0 	[-1, 0] 	6 	0
main	96 	14 	 T1 	 0.0 	18 	C 	M 	0.0 	-1.0 	[1, 0] 	10 	0
main	97 	14 	 T1 	 0.0 	14 	J 	J 	1.0 	0.0 	[-1, 0] 	10 	0
main	98 	14 	 T1 	 0.0 	6 	C 	C 	1.0 	0.0 	[1, 0] 	6 	0
main	99 	14 	 T1 	 0.0 	18 	Y 	Y 	1.0 	0.0 	[1, 0] 	2 	0
main	100 	14 	 T1 	 0.0 	14 	C 	G 	0.0 	-1.0 	[-1, 0] 	2 	0
main	101 	14 	 T1 	 0.0 	6 	M 	M 	1.0 	0.0 	[-1, 0] 	6 	0
main	102 	14 	 T1 	 0.0 	22 	O 	A 	0.0 	-1.0 	[1, 0] 	6 	0
main	103 	14 	 T1 	 0.0 	22 	Y 	Y 	1.0 	0.0 	[-1, 0] 	6 	0
main	104 	14 	 T1 	 0.0 	6 	K 	K 	1.0 	0.0 	[-1, 0] 	10 	0
main	105 	14 	 T1 	 0.0 	10 	A 	A 	1.0 	0.0 	[1, 0] 	2 	0
main	106 	14 	 T1 	 0.0 	10 	J 	J 	1.0 	0.0 	[-1, 0] 	2 	0
main	107 	14 	 T1 	 0.0 	10 	K 	O 	0.0 	15.0 	[1, 0] 	6 	0
main	108 	14 	 T1 	 0.0 	22 	O 	H 	0.0 	-1.0 	[1, 0] 	10 	0
main	109 	14 	 T1 	 0.0 	6 	C 	C 	1.0 	0.0 	[1, 0] 	10 	0
main	110 	14 	 T1 	 0.0 	18 	J 	H 	0.0 	-1.0 	[-1, 0] 	2 	0
main	111 	14 	 T1 	 0.0 	10 	N 	R 	0.0 	-2.0 	[-1, 0] 	10 	0
main	112 	14 	 T1 	 0.0 	10 	I 	N 	0.0 	-1.0 	[1, 0] 	10 	0
main	113 	14 	 T1 	 0.0 	14 	T 	R 	0.0 	-1.0 	[1, 0] 	6 	0
main	114 	14 	 T1 	 0.0 	6 	C 	C 	1.0 	0.0 	[1, 0] 	2 	0
main	115 	14 	 T1 	 0.0 	22 	Y 	M 	0.0 	-1.0 	[1, 0] 	2 	0
main	116 	14 	 T1 	 0.0 	18 	Z 	Z 	1.0 	0.0 	[-1, 0] 	10 	0
main	117 	14 	 T1 	 0.0 	18 	C 	C 	1.0 	0.0 	[-1, 0] 	6 	0
main	118 	14 	 T1 	 0.0 	14 	V 	V 	1.0 	0.0 	[-1, 0] 	6 	0
main	119 	14 	 T1 	 0.0 	22 	G 	G 	1.0 	0.0 	[-1, 0] 	2 	0
main	120 	14 	 T1 	 0.0 	22 	K 	K 	1.0 	0.0 	[1, 0] 	10 	0
main	121 	14 	 T1 	 0.0 	10 	E 	R 	0.0 	1.0 	[-1, 0] 	10 	0
main	122 	14 	 T1 	 0.0 	22 	J 	J 	1.0 	0.0 	[-1, 0] 	2 	0
main	123 	14 	 T1 	 0.0 	14 	V 	V 	1.0 	0.0 	[-1, 0] 	10 	0
main	124 	14 	 T1 	 0.0 	18 	Z 	Z 	1.0 	0.0 	[-1, 0] 	6 	0
main	125 	14 	 T1 	 0.0 	14 	X 	T 	0.0 	10.0 	[-1, 0] 	6 	0
main	126 	14 	 T1 	 0.0 	18 	K 	D 	0.0 	7.0 	[1, 0] 	6 	0
main	127 	14 	 T1 	 0.0 	10 	J 	J 	1.0 	0.0 	[1, 0] 	10 	0
main	128 	14 	 T1 	 0.0 	10 	W 	W 	1.0 	0.0 	[1, 0] 	2 	0
main	129 	14 	 T1 	 0.0 	14 	J 	J 	1.0 	0.0 	[1, 0] 	2 	0
main	130 	14 	 T1 	 0.0 	6 	B 	B 	1.0 	0.0 	[-1, 0] 	2 	0
main	131 	14 	 T1 	 0.0 	6 	N 	V 	0.0 	-6.0 	[1, 0] 	10 	0
main	132 	14 	 T1 	 0.0 	18 	G 	G 	1.0 	0.0 	[-1, 0] 	10 	0
main	133 	14 	 T1 	 0.0 	18 	I 	H 	0.0 	4.0 	[1, 0] 	2 	0
main	134 	14 	 T1 	 0.0 	6 	P 	P 	1.0 	0.0 	[-1, 0] 	6 	0
main	135 	14 	 T1 	 0.0 	10 	E 	M 	0.0 	6.0 	[-1, 0] 	6 	0
main	136 	14 	 T1 	 0.0 	10 	M 	Y 	0.0 	13.0 	[1, 0] 	6 	0
main	137 	14 	 T1 	 0.0 	6 	Z 	I 	0.0 	17.0 	[1, 0] 	2 	0
main	138 	14 	 T1 	 0.0 	22 	N 	P 	0.0 	1.0 	[1, 0] 	2 	0
main	139 	14 	 T1 	 0.0 	14 	U 	U 	1.0 	0.0 	[1, 0] 	6 	0
main	140 	14 	 T1 	 0.0 	22 	N 	F 	0.0 	3.0 	[-1, 0] 	6 	0
main	141 	14 	 T1 	 0.0 	6 	S 	K 	0.0 	-1.0 	[1, 0] 	6 	0
main	142 	14 	 T1 	 0.0 	22 	R 	R 	1.0 	0.0 	[-1, 0] 	10 	0
main	143 	14 	 T1 	 0.0 	14 	T 	T 	1.0 	0.0 	[1, 0] 	10 	0
main	144 	14 	 T1 	 0.0 	10 	O 	C 	0.0 	-1.0 	[-1, 0] 	2 	0
main	145 	14 	 T1 	 0.0 	6 	H 	T 	0.0 	1.0 	[-1, 0] 	10 	0
main	146 	14 	 T1 	 0.0 	14 	Z 	V 	0.0 	1.0 	[-1, 0] 	2 	0
main	147 	14 	 T1 	 0.0 	18 	I 	O 	0.0 	-1.0 	[-1, 0] 	2 	0
main	148 	14 	 T1 	 0.0 	18 	S 	S 	1.0 	0.0 	[1, 0] 	10 	0
main	149 	14 	 T1 	 0.0 	22 	L 	L 	1.0 	0.0 	[1, 0] 	6 	0
main	150 	14 	 T1 	 0.0 	10 	S 	K 	0.0 	15.0 	[-1, 0] 	2 	0
main	151 	14 	 T1 	 0.0 	14 	K 	K 	1.0 	0.0 	[1, 0] 	10 	0
main	152 	14 	 T1 	 0.0 	18 	O 	D 	0.0 	1.0 	[1, 0] 	6 	0
main	153 	14 	 T1 	 0.0 	6 	H 	K 	0.0 	-6.0 	[1, 0] 	6 	0
main	154 	14 	 T1 	 0.0 	22 	T 	M 	0.0 	1.0 	[-1, 0] 	2 	0
main	155 	14 	 T1 	 0.0 	22 	B 	T 	0.0 	-1.0 	[1, 0] 	6 	0
main	156 	14 	 T1 	 0.0 	18 	Q 	G 	0.0 	1.0 	[-1, 0] 	2 	0
main	157 	14 	 T1 	 0.0 	18 	O 	A 	0.0 	-1.0 	[1, 0] 	10 	0
main	158 	14 	 T1 	 0.0 	6 	G 	G 	1.0 	0.0 	[1, 0] 	10 	0
main	159 	14 	 T1 	 0.0 	6 	O 	N 	0.0 	6.0 	[-1, 0] 	6 	0
main	160 	14 	 T1 	 0.0 	14 	L 	R 	0.0 	1.0 	[-1, 0] 	2 	0
main	161 	14 	 T1 	 0.0 	10 	L 	L 	1.0 	0.0 	[1, 0] 	6 	0
main	162 	14 	 T1 	 0.0 	14 	W 	W 	1.0 	0.0 	[-1, 0] 	6 	0
main	163 	14 	 T1 	 0.0 	22 	Z 	Z 	1.0 	0.0 	[1, 0] 	10 	0
main	164 	14 	 T1 	 0.0 	10 	D 	D 	1.0 	0.0 	[1, 0] 	2 	0
main	165 	14 	 T1 	 0.0 	14 	X 	X 	1.0 	0.0 	[1, 0] 	2 	0
main	166 	14 	 T1 	 0.0 	10 	F 	F 	1.0 	0.0 	[1, 0] 	10 	0
main	167 	14 	 T1 	 0.0 	14 	E 	H 	0.0 	1.0 	[1, 0] 	6 	0
main	168 	14 	 T1 	 0.0 	22 	G 	G 	1.0 	0.0 	[-1, 0] 	10 	0
main	169 	14 	 T1 	 0.0 	6 	C 	C 	1.0 	0.0 	[-1, 0] 	2 	0
main	170 	14 	 T1 	 0.0 	22 	D 	D 	1.0 	0.0 	[-1, 0] 	6 	0
main	171 	14 	 T1 	 0.0 	10 	W 	W 	1.0 	0.0 	[-1, 0] 	10 	0
main	172 	14 	 T1 	 0.0 	10 	E 	R 	0.0 	2.0 	[-1, 0] 	6 	0
main	173 	14 	 T1 	 0.0 	6 	U 	T 	0.0 	7.0 	[1, 0] 	2 	0
main	174 	14 	 T1 	 0.0 	18 	D 	D 	1.0 	0.0 	[-1, 0] 	10 	0
main	175 	14 	 T1 	 0.0 	14 	C 	C 	1.0 	0.0 	[-1, 0] 	10 	0
main	176 	14 	 T1 	 0.0 	18 	P 	P 	1.0 	0.0 	[1, 0] 	2 	0
main	177 	14 	 T1 	 0.0 	18 	F 	F 	1.0 	0.0 	[-1, 0] 	6 	0
main	178 	14 	 T1 	 0.0 	6 	E 	E 	1.0 	0.0 	[-1, 0] 	10 	0
main	179 	14 	 T1 	 0.0 	22 	A 	A 	1.0 	0.0 	[1, 0] 	2 	0
main	180 	14 	 T1 	 0.0 	22 	A 	A 	1.0 	0.0 	[1, 0] 	6 	0
main	181 	14 	 T1 	 0.0 	10 	I 	B 	0.0 	1.0 	[1, 0] 	10 	0
main	182 	14 	 T1 	 0.0 	22 	A 	A 	1.0 	0.0 	[-1, 0] 	10 	0
main	183 	14 	 T1 	 0.0 	10 	P 	P 	1.0 	0.0 	[1, 0] 	6 	0
main	184 	14 	 T1 	 0.0 	6 	V 	M 	0.0 	1.0 	[-1, 0] 	10 	0
main	185 	14 	 T1 	 0.0 	6 	P 	P 	1.0 	0.0 	[1, 0] 	10 	0
main	186 	14 	 T1 	 0.0 	18 	A 	A 	1.0 	0.0 	[1, 0] 	10 	0
main	187 	14 	 T1 	 0.0 	18 	Y 	Z 	0.0 	-1.0 	[1, 0] 	6 	0
main	188 	14 	 T1 	 0.0 	18 	P 	P 	1.0 	0.0 	[-1, 0] 	2 	0
main	189 	14 	 T1 	 0.0 	22 	M 	Z 	0.0 	-2.0 	[-1, 0] 	6 	0
main	190 	14 	 T1 	 0.0 	10 	A 	A 	1.0 	0.0 	[-1, 0] 	6 	0
main	191 	14 	 T1 	 0.0 	18 	K 	H 	0.0 	5.0 	[-1, 0] 	10 	0
main	192 	14 	 T1 	 0.0 	6 	M 	M 	1.0 	0.0 	[-1, 0] 	2 	0
main	193 	14 	 T1 	 0.0 	10 	I 	I 	1.0 	0.0 	[-1, 0] 	10 	0
main	194 	14 	 T1 	 0.0 	6 	N 	S 	0.0 	13.0 	[1, 0] 	6 	0
main	195 	14 	 T1 	 0.0 	10 	U 	F 	0.0 	-1.0 	[-1, 0] 	2 	0
main	196 	14 	 T1 	 0.0 	18 	P 	P 	1.0 	0.0 	[1, 0] 	2 	0
main	197 	14 	 T1 	 0.0 	18 	U 	U 	1.0 	0.0 	[-1, 0] 	6 	0
main	198 	14 	 T1 	 0.0 	22 	O 	D 	0.0 	-1.0 	[-1, 0] 	2 	0
main	199 	14 	 T1 	 0.0 	14 	B 	Y 	0.0 	-1.0 	[-1, 0] 	6 	0
main	200 	14 	 T1 	 0.0 	22 	J 	J 	1.0 	0.0 	[1, 0] 	2 	0
main	201 	14 	 T1 	 0.0 	14 	T 	T 	1.0 	0.0 	[-1, 0] 	10 	0
main	202 	14 	 T1 	 0.0 	6 	W 	W 	1.0 	0.0 	[1, 0] 	2 	0
main	203 	14 	 T1 	 0.0 	14 	R 	R 	1.0 	0.0 	[1, 0] 	6 	0
main	204 	14 	 T1 	 0.0 	6 	P 	P 	1.0 	0.0 	[-1, 0] 	6 	0
main	205 	14 	 T1 	 0.0 	14 	Z 	J 	0.0 	1.0 	[1, 0] 	2 	0
main	206 	14 	 T1 	 0.0 	14 	P 	P 	1.0 	0.0 	[-1, 0] 	2 	0
main	207 	14 	 T1 	 0.0 	10 	Y 	Y 	1.0 	0.0 	[1, 0] 	2 	0
main	208 	14 	 T1 	 0.0 	14 	G 	G 	1.0 	0.0 	[1, 0] 	10 	0
main	209 	14 	 T1 	 0.0 	22 	M 	D 	0.0 	-1.0 	[1, 0] 	10 	0
main	210 	14 	 T1 	 0.0 	10 	N 	N 	1.0 	0.0 	[-1, 0] 	2 	0
main	211 	14 	 T1 	 0.0 	18 	J 	M 	0.0 	4.0 	[1, 0] 	6 	0
main	212 	14 	 T1 	 0.0 	18 	K 	J 	0.0 	-1.0 	[-1, 0] 	6 	0
main	213 	14 	 T1 	 0.0 	10 	P 	P 	1.0 	0.0 	[1, 0] 	10 	0
main	214 	14 	 T1 	 0.0 	22 	I 	M 	0.0 	-1.0 	[-1, 0] 	2 	0
main	215 	14 	 T1 	 0.0 	6 	U 	H 	0.0 	-5.0 	[1, 0] 	6 	0
main	216 	14 	 T1 	 0.0 	6 	L 	H 	0.0 	-1.0 	[1, 0] 	10 	0
main	217 	14 	 T1 	 0.0 	22 	F 	D 	0.0 	-1.0 	[-1, 0] 	10 	0
main	218 	14 	 T1 	 0.0 	6 	K 	V 	0.0 	-1.0 	[-1, 0] 	2 	0
main	219 	14 	 T1 	 0.0 	6 	V 	V 	1.0 	0.0 	[-1, 0] 	10 	0
main	220 	14 	 T1 	 0.0 	22 	D 	D 	1.0 	0.0 	[-1, 0] 	6 	0
main	221 	14 	 T1 	 0.0 	10 	J 	F 	0.0 	1.0 	[-1, 0] 	6 	0
main	222 	14 	 T1 	 0.0 	14 	P 	P 	1.0 	0.0 	[-1, 0] 	2 	0
main	223 	14 	 T1 	 0.0 	14 	F 	N 	0.0 	-1.0 	[1, 0] 	6 	0
main	224 	14 	 T1 	 0.0 	14 	A 	A 	1.0 	0.0 	[-1, 0] 	6 	0
main	225 	14 	 T1 	 0.0 	10 	V 	S 	0.0 	-1.0 	[1, 0] 	6 	0
main	226 	14 	 T1 	 0.0 	22 	W 	W 	1.0 	0.0 	[1, 0] 	10 	0
main	227 	14 	 T1 	 0.0 	18 	U 	M 	0.0 	-1.0 	[-1, 0] 	10 	0
main	228 	14 	 T1 	 0.0 	18 	R 	D 	0.0 	-1.0 	[1, 0] 	10 	0
main	229 	14 	 T1 	 0.0 	10 	T 	T 	1.0 	0.0 	[-1, 0] 	10 	0
main	230 	14 	 T1 	 0.0 	14 	B 	T 	0.0 	-1.0 	[-1, 0] 	10 	0
main	231 	14 	 T1 	 0.0 	6 	K 	B 	0.0 	1.0 	[1, 0] 	2 	0
main	232 	14 	 T1 	 0.0 	22 	P 	P 	1.0 	0.0 	[1, 0] 	2 	0
main	233 	14 	 T1 	 0.0 	18 	G 	G 	1.0 	0.0 	[-1, 0] 	2 	0
main	234 	14 	 T1 	 0.0 	22 	O 	G 	0.0 	-1.0 	[1, 0] 	6 	0
main	235 	14 	 T1 	 0.0 	14 	Q 	G 	0.0 	1.0 	[1, 0] 	10 	0
main	236 	14 	 T1 	 0.0 	6 	S 	S 	1.0 	0.0 	[-1, 0] 	6 	0
main	237 	14 	 T1 	 0.0 	10 	A 	A 	1.0 	0.0 	[1, 0] 	2 	0
main	238 	14 	 T1 	 0.0 	18 	Q 	Q 	1.0 	0.0 	[1, 0] 	2 	0
main	239 	14 	 T1 	 0.0 	14 	H 	H 	1.0 	0.0 	[1, 0] 	2 	0
main	240 	14 	 T1 	 0.0 	14 	S 	M 	0.0 	-1.0 	[-1, 0] 	10 	0
main	241 	14 	 T1 	 0.0 	18 	S 	S 	1.0 	0.0 	[-1, 0] 	10 	0
main	242 	14 	 T1 	 0.0 	10 	Z 	Z 	1.0 	0.0 	[-1, 0] 	2 	0
main	243 	14 	 T1 	 0.0 	6 	M 	M 	1.0 	0.0 	[1, 0] 	6 	0
main	244 	14 	 T1 	 0.0 	22 	X 	X 	1.0 	0.0 	[1, 0] 	2 	0
main	245 	14 	 T1 	 0.0 	6 	O 	J 	0.0 	2.0 	[1, 0] 	10 	0
main	246 	14 	 T1 	 0.0 	6 	P 	P 	1.0 	0.0 	[-1, 0] 	6 	0
main	247 	14 	 T1 	 0.0 	14 	K 	K 	1.0 	0.0 	[-1, 0] 	2 	0
main	248 	14 	 T1 	 0.0 	14 	J 	J 	1.0 	0.0 	[1, 0] 	2 	0
main	249 	14 	 T1 	 0.0 	10 	P 	P 	1.0 	0.0 	[1, 0] 	2 	0
main	250 	14 	 T1 	 0.0 	10 	T 	T 	1.0 	0.0 	[1, 0] 	10 	0
main	251 	14 	 T1 	 0.0 	6 	J 	T 	0.0 	2.0 	[-1, 0] 	10 	0
main	252 	14 	 T1 	 0.0 	18 	K 	P 	0.0 	-2.0 	[1, 0] 	10 	0
main	253 	14 	 T1 	 0.0 	22 	A 	A 	1.0 	0.0 	[1, 0] 	6 	0
main	254 	14 	 T1 	 0.0 	14 	R 	H 	0.0 	-4.0 	[-1, 0] 	6 	0
main	255 	14 	 T1 	 0.0 	10 	T 	T 	1.0 	0.0 	[-1, 0] 	6 	0
main	256 	14 	 T1 	 0.0 	22 	O 	F 	0.0 	-1.0 	[1, 0] 	10 	0
main	257 	14 	 T1 	 0.0 	10 	C 	M 	0.0 	-1.0 	[-1, 0] 	10 	0
main	258 	14 	 T1 	 0.0 	18 	H 	S 	0.0 	1.0 	[1, 0] 	6 	0
main	259 	14 	 T1 	 0.0 	18 	B 	B 	1.0 	0.0 	[-1, 0] 	6 	0
main	260 	14 	 T1 	 0.0 	18 	M 	M 	1.0 	0.0 	[1, 0] 	2 	0
main	261 	14 	 T1 	 0.0 	22 	R 	S 	0.0 	1.0 	[-1, 0] 	10 	0
main	262 	14 	 T1 	 0.0 	22 	K 	K 	1.0 	0.0 	[-1, 0] 	2 	0
main	263 	14 	 T1 	 0.0 	18 	G 	G 	1.0 	0.0 	[-1, 0] 	2 	0
main	264 	14 	 T1 	 0.0 	22 	T 	T 	1.0 	0.0 	[-1, 0] 	6 	0
main	265 	14 	 T1 	 0.0 	6 	S 	S 	1.0 	0.0 	[1, 0] 	2 	0
main	266 	14 	 T1 	 0.0 	14 	Q 	G 	0.0 	1.0 	[1, 0] 	6 	0
main	267 	14 	 T1 	 0.0 	14 	W 	W 	1.0 	0.0 	[1, 0] 	10 	0
main	268 	14 	 T1 	 0.0 	10 	R 	R 	1.0 	0.0 	[1, 0] 	6 	0
main	269 	14 	 T1 	 0.0 	6 	B 	B 	1.0 	0.0 	[-1, 0] 	2 	0
main	270 	14 	 T1 	 0.0 	6 	U 	U 	1.0 	0.0 	[-1, 0] 	2 	0
main	271 	14 	 T1 	 0.0 	18 	T 	R 	0.0 	6.0 	[-1, 0] 	10 	0
main	272 	14 	 T1 	 0.0 	6 	O 	O 	1.0 	0.0 	[1, 0] 	2 	0
main	273 	14 	 T1 	 0.0 	18 	X 	X 	1.0 	0.0 	[-1, 0] 	2 	0
main	274 	14 	 T1 	 0.0 	6 	N 	N 	1.0 	0.0 	[-1, 0] 	10 	0
main	275 	14 	 T1 	 0.0 	22 	M 	M 	1.0 	0.0 	[1, 0] 	10 	0
main	276 	14 	 T1 	 0.0 	14 	H 	I 	0.0 	-1.0 	[1, 0] 	10 	0
main	277 	14 	 T1 	 0.0 	10 	L 	B 	0.0 	2.0 	[1, 0] 	6 	0
main	278 	14 	 T1 	 0.0 	14 	O 	O 	1.0 	0.0 	[-1, 0] 	2 	0
main	279 	14 	 T1 	 0.0 	22 	M 	M 	1.0 	0.0 	[-1, 0] 	2 	0
main	280 	14 	 T1 	 0.0 	6 	Q 	P 	0.0 	-1.0 	[1, 0] 	6 	0
main	281 	14 	 T1 	 0.0 	18 	S 	S 	1.0 	0.0 	[-1, 0] 	6 	0
main	282 	14 	 T1 	 0.0 	14 	O 	W 	0.0 	-2.0 	[1, 0] 	6 	0
main	283 	14 	 T1 	 0.0 	10 	S 	S 	1.0 	0.0 	[-1, 0] 	6 	0
main	284 	14 	 T1 	 0.0 	10 	Q 	A 	0.0 	-1.0 	[-1, 0] 	10 	0
main	285 	14 	 T1 	 0.0 	22 	G 	W 	0.0 	-1.0 	[-1, 0] 	10 	0
main	286 	14 	 T1 	 0.0 	10 	D 	D 	1.0 	0.0 	[1, 0] 	2 	0
main	287 	14 	 T1 	 0.0 	14 	U 	U 	1.0 	0.0 	[-1, 0] 	10 	0
main	288 	14 	 T1 	 0.0 	18 	R 	R 	1.0 	0.0 	[1, 0] 	2 	0
main	289 	14 	 T1 	 0.0 	14 	E 	E 	1.0 	0.0 	[-1, 0] 	6 	0
main	290 	14 	 T1 	 0.0 	14 	S 	S 	1.0 	0.0 	[1, 0] 	2 	0
main	291 	14 	 T1 	 0.0 	22 	I 	O 	0.0 	-1.0 	[1, 0] 	6 	0
main	292 	14 	 T1 	 0.0 	18 	P 	D 	0.0 	-1.0 	[1, 0] 	6 	0
main	293 	14 	 T1 	 0.0 	6 	Y 	Y 	1.0 	0.0 	[1, 0] 	10 	0
main	294 	14 	 T1 	 0.0 	6 	E 	D 	0.0 	1.0 	[-1, 0] 	6 	0
main	295 	14 	 T1 	 0.0 	10 	C 	C 	1.0 	0.0 	[-1, 0] 	2 	0
main	296 	14 	 T1 	 0.0 	22 	T 	T 	1.0 	0.0 	[-1, 0] 	6 	0
main	297 	14 	 T1 	 0.0 	10 	L 	M 	0.0 	2.0 	[1, 0] 	10 	0
main	298 	14 	 T1 	 0.0 	22 	K 	K 	1.0 	0.0 	[1, 0] 	2 	0
main	299 	14 	 T1 	 0.0 	18 	E 	V 	0.0 	2.0 	[1, 0] 	10 	0
main	300 	14 	 T1 	 0.0 	6 	C 	C 	1.0 	0.0 	[1, 0] 	10 	0
main	301 	14 	 T1 	 0.0 	18 	U 	J 	0.0 	-1.0 	[1, 0] 	10 	0
main	302 	14 	 T1 	 0.0 	10 	U 	J 	0.0 	5.0 	[1, 0] 	6 	0
main	303 	14 	 T1 	 0.0 	18 	S 	S 	1.0 	0.0 	[1, 0] 	6 	0
main	304 	14 	 T1 	 0.0 	22 	I 	T 	0.0 	1.0 	[-1, 0] 	10 	0
main	305 	14 	 T1 	 0.0 	10 	I 	E 	0.0 	-1.0 	[1, 0] 	2 	0
main	306 	14 	 T1 	 0.0 	6 	Q 	G 	0.0 	1.0 	[-1, 0] 	6 	0
main	307 	14 	 T1 	 0.0 	14 	L 	P 	0.0 	-1.0 	[1, 0] 	10 	0
main	308 	14 	 T1 	 0.0 	14 	H 	A 	0.0 	-1.0 	[-1, 0] 	10 	0
main	309 	14 	 T1 	 0.0 	22 	S 	S 	1.0 	0.0 	[1, 0] 	6 	0
main	310 	14 	 T1 	 0.0 	18 	Y 	Y 	1.0 	0.0 	[-1, 0] 	6 	0
main	311 	14 	 T1 	 0.0 	10 	C 	C 	1.0 	0.0 	[1, 0] 	10 	0
main	312 	14 	 T1 	 0.0 	18 	W 	W 	1.0 	0.0 	[1, 0] 	2 	0
main	313 	14 	 T1 	 0.0 	6 	S 	S 	1.0 	0.0 	[-1, 0] 	2 	0
main	314 	14 	 T1 	 0.0 	10 	X 	K 	0.0 	-1.0 	[-1, 0] 	6 	0
main	315 	14 	 T1 	 0.0 	14 	Q 	Q 	1.0 	0.0 	[1, 0] 	6 	0
main	316 	14 	 T1 	 0.0 	18 	Y 	B 	0.0 	-1.0 	[-1, 0] 	10 	0
main	317 	14 	 T1 	 0.0 	14 	H 	H 	1.0 	0.0 	[1, 0] 	2 	0
main	318 	14 	 T1 	 0.0 	18 	B 	B 	1.0 	0.0 	[-1, 0] 	2 	0
main	319 	14 	 T1 	 0.0 	6 	I 	Z 	0.0 	1.0 	[1, 0] 	2 	0
main	320 	14 	 T1 	 0.0 	14 	Z 	Z 	1.0 	0.0 	[-1, 0] 	2 	0
main	321 	14 	 T1 	 0.0 	14 	U 	T 	0.0 	-9.0 	[-1, 0] 	6 	0
main	322 	14 	 T1 	 0.0 	22 	L 	L 	1.0 	0.0 	[1, 0] 	2 	0
main	323 	14 	 T1 	 0.0 	6 	R 	K 	0.0 	1.0 	[-1, 0] 	10 	0
main	324 	14 	 T1 	 0.0 	22 	G 	G 	1.0 	0.0 	[-1, 0] 	6 	0
main	325 	14 	 T1 	 0.0 	22 	R 	R 	1.0 	0.0 	[1, 0] 	10 	0
main	326 	14 	 T1 	 0.0 	22 	N 	N 	1.0 	0.0 	[-1, 0] 	2 	0
main	327 	14 	 T1 	 0.0 	6 	I 	I 	1.0 	0.0 	[1, 0] 	6 	0
main	328 	14 	 T1 	 0.0 	10 	H 	M 	0.0 	-1.0 	[-1, 0] 	2 	0
main	329 	14 	 T1 	 0.0 	10 	F 	F 	1.0 	0.0 	[-1, 0] 	10 	0
main	330 	14 	 T1 	 0.0 	18 	T 	G 	0.0 	-1.0 	[-1, 0] 	6 	0
main	331 	14 	 T1 	 0.0 	10 	P 	P 	1.0 	0.0 	[-1, 0] 	2 	0
main	332 	14 	 T1 	 0.0 	22 	G 	G 	1.0 	0.0 	[-1, 0] 	2 	0
main	333 	14 	 T1 	 0.0 	18 	C 	C 	1.0 	0.0 	[-1, 0] 	2 	0
main	334 	14 	 T1 	 0.0 	10 	K 	K 	1.0 	0.0 	[1, 0] 	2 	0
main	335 	14 	 T1 	 0.0 	14 	H 	H 	1.0 	0.0 	[1, 0] 	6 	0
main	336 	14 	 T1 	 0.0 	6 	Q 	G 	0.0 	-2.0 	[1, 0] 	10 	0
main	337 	14 	 T1 	 0.0 	14 	U 	U 	1.0 	0.0 	[-1, 0] 	2 	0
main	338 	14 	 T1 	 0.0 	18 	U 	V 	0.0 	-1.0 	[1, 0] 	2 	0
main	339 	14 	 T1 	 0.0 	14 	S 	P 	0.0 	-1.0 	[1, 0] 	10 	0
main	340 	14 	 T1 	 0.0 	10 	V 	M 	0.0 	-1.0 	[-1, 0] 	6 	0
main	341 	14 	 T1 	 0.0 	14 	T 	T 	1.0 	0.0 	[-1, 0] 	10 	0
main	342 	14 	 T1 	 0.0 	10 	I 	C 	0.0 	-1.0 	[1, 0] 	10 	0
main	343 	14 	 T1 	 0.0 	6 	S 	S 	1.0 	0.0 	[1, 0] 	2 	0
main	344 	14 	 T1 	 0.0 	10 	V 	V 	1.0 	0.0 	[-1, 0] 	10 	0
main	345 	14 	 T1 	 0.0 	22 	C 	C 	1.0 	0.0 	[1, 0] 	10 	0
main	346 	14 	 T1 	 0.0 	22 	G 	E 	0.0 	-1.0 	[-1, 0] 	6 	0
main	347 	14 	 T1 	 0.0 	18 	K 	D 	0.0 	-1.0 	[1, 0] 	6 	0
main	348 	14 	 T1 	 0.0 	22 	O 	I 	0.0 	-1.0 	[-1, 0] 	10 	0
main	349 	14 	 T1 	 0.0 	6 	R 	R 	1.0 	0.0 	[-1, 0] 	6 	0
main	350 	14 	 T1 	 0.0 	22 	U 	U 	1.0 	0.0 	[1, 0] 	2 	0
main	351 	14 	 T1 	 0.0 	18 	F 	N 	0.0 	4.0 	[-1, 0] 	10 	0
main	352 	14 	 T1 	 0.0 	18 	I 	B 	0.0 	-1.0 	[1, 0] 	10 	0
main	353 	14 	 T1 	 0.0 	14 	W 	R 	0.0 	7.0 	[-1, 0] 	6 	0
main	354 	14 	 T1 	 0.0 	6 	L 	S 	0.0 	19.0 	[-1, 0] 	2 	0
main	355 	14 	 T1 	 0.0 	6 	H 	H 	1.0 	0.0 	[1, 0] 	6 	0
main	356 	14 	 T1 	 0.0 	6 	L 	L 	1.0 	0.0 	[-1, 0] 	10 	0
main	357 	14 	 T1 	 0.0 	14 	N 	V 	0.0 	1.0 	[1, 0] 	2 	0
main	358 	14 	 T1 	 0.0 	22 	H 	P 	0.0 	1.0 	[1, 0] 	6 	0
main	359 	14 	 T1 	 0.0 	10 	R 	F 	0.0 	10.0 	[1, 0] 	6 	0
main	360 	14 	 T1 	 0.0 	6 	Y 	T 	0.0 	11.0 	[1, 0] 	6 	0
main	361 	14 	 T1 	 0.0 	6 	Z 	Z 	1.0 	0.0 	[1, 0] 	10 	0
main	362 	14 	 T1 	 0.0 	14 	O 	W 	0.0 	-1.0 	[-1, 0] 	10 	0
main	363 	14 	 T1 	 0.0 	6 	P 	P 	1.0 	0.0 	[-1, 0] 	6 	0
main	364 	14 	 T1 	 0.0 	22 	A 	A 	1.0 	0.0 	[1, 0] 	6 	0
main	365 	14 	 T1 	 0.0 	6 	N 	N 	1.0 	0.0 	[1, 0] 	2 	0
main	366 	14 	 T1 	 0.0 	10 	F 	S 	0.0 	1.0 	[1, 0] 	2 	0
main	367 	14 	 T1 	 0.0 	10 	S 	V 	0.0 	12.0 	[1, 0] 	10 	0
main	368 	14 	 T1 	 0.0 	22 	B 	P 	0.0 	1.0 	[1, 0] 	2 	0
main	369 	14 	 T1 	 0.0 	18 	V 	T 	0.0 	-1.0 	[1, 0] 	6 	0
main	370 	14 	 T1 	 0.0 	22 	J 	J 	1.0 	0.0 	[-1, 0] 	2 	0
main	371 	14 	 T1 	 0.0 	18 	V 	E 	0.0 	-1.0 	[-1, 0] 	2 	0
main	372 	14 	 T1 	 0.0 	10 	B 	B 	1.0 	0.0 	[1, 0] 	6 	0
main	373 	14 	 T1 	 0.0 	10 	W 	U 	0.0 	-2.0 	[-1, 0] 	10 	0
main	374 	14 	 T1 	 0.0 	10 	C 	C 	1.0 	0.0 	[-1, 0] 	6 	0
main	375 	14 	 T1 	 0.0 	14 	R 	R 	1.0 	0.0 	[1, 0] 	10 	0
main	376 	14 	 T1 	 0.0 	18 	Q 	Q 	1.0 	0.0 	[-1, 0] 	6 	0
main	377 	14 	 T1 	 0.0 	10 	V 	V 	1.0 	0.0 	[-1, 0] 	2 	0
main	378 	14 	 T1 	 0.0 	14 	I 	I 	1.0 	0.0 	[1, 0] 	2 	0
main	379 	14 	 T1 	 0.0 	14 	T 	U 	0.0 	1.0 	[1, 0] 	6 	0
main	380 	14 	 T1 	 0.0 	18 	B 	L 	0.0 	-1.0 	[-1, 0] 	10 	0
main	381 	14 	 T1 	 0.0 	14 	K 	K 	1.0 	0.0 	[-1, 0] 	6 	0
main	382 	14 	 T1 	 0.0 	18 	B 	B 	1.0 	0.0 	[1, 0] 	2 	0
main	383 	14 	 T1 	 0.0 	18 	X 	X 	1.0 	0.0 	[1, 0] 	10 	0
main	384 	14 	 T1 	 0.0 	22 	U 	U 	1.0 	0.0 	[-1, 0] 	10 	0
main	385 	14 	 T1 	 0.0 	22 	E 	E 	1.0 	0.0 	[1, 0] 	10 	0
main	386 	14 	 T1 	 0.0 	22 	T 	A 	0.0 	-1.0 	[-1, 0] 	6 	0
main	387 	14 	 T1 	 0.0 	6 	Y 	A 	0.0 	2.0 	[-1, 0] 	10 	0
main	388 	14 	 T1 	 0.0 	14 	G 	G 	1.0 	0.0 	[-1, 0] 	2 	0
main	389 	14 	 T1 	 0.0 	6 	M 	M 	1.0 	0.0 	[-1, 0] 	2 	0
main	390 	14 	 T1 	 0.0 	18 	T 	T 	1.0 	0.0 	[-1, 0] 	10 	0
main	391 	14 	 T1 	 0.0 	22 	F 	E 	0.0 	-7.0 	[1, 0] 	6 	0
main	392 	14 	 T1 	 0.0 	22 	P 	P 	1.0 	0.0 	[1, 0] 	10 	0
main	393 	14 	 T1 	 0.0 	14 	K 	K 	1.0 	0.0 	[-1, 0] 	2 	0
main	394 	14 	 T1 	 0.0 	22 	M 	M 	1.0 	0.0 	[1, 0] 	2 	0
main	395 	14 	 T1 	 0.0 	18 	A 	A 	1.0 	0.0 	[-1, 0] 	2 	0
main	396 	14 	 T1 	 0.0 	6 	V 	N 	0.0 	-2.0 	[-1, 0] 	10 	0
main	397 	14 	 T1 	 0.0 	6 	W 	W 	1.0 	0.0 	[1, 0] 	2 	0
main	398 	14 	 T1 	 0.0 	14 	X 	D 	0.0 	-1.0 	[1, 0] 	10 	0
main	399 	14 	 T1 	 0.0 	10 	Q 	G 	0.0 	-1.0 	[-1, 0] 	10 	0
main	400 	14 	 T1 	 0.0 	14 	A 	A 	1.0 	0.0 	[1, 0] 	6 	0
main	401 	14 	 T1 	 0.0 	6 	G 	G 	1.0 	0.0 	[-1, 0] 	2 	0
main	402 	14 	 T1 	 0.0 	18 	Y 	Y 	1.0 	0.0 	[-1, 0] 	6 	0
main	403 	14 	 T1 	 0.0 	22 	L 	B 	0.0 	-1.0 	[-1, 0] 	10 	0
main	404 	14 	 T1 	 0.0 	18 	S 	S 	1.0 	0.0 	[1, 0] 	10 	0
main	405 	14 	 T1 	 0.0 	10 	A 	A 	1.0 	0.0 	[-1, 0] 	6 	0
main	406 	14 	 T1 	 0.0 	6 	A 	M 	0.0 	3.0 	[1, 0] 	10 	0
main	407 	14 	 T1 	 0.0 	14 	Y 	Y 	1.0 	0.0 	[1, 0] 	2 	0
main	408 	14 	 T1 	 0.0 	18 	C 	C 	1.0 	0.0 	[1, 0] 	2 	0
main	409 	14 	 T1 	 0.0 	10 	F 	F 	1.0 	0.0 	[1, 0] 	6 	0
main	410 	14 	 T1 	 0.0 	6 	O 	K 	0.0 	-1.0 	[1, 0] 	6 	0
main	411 	14 	 T1 	 0.0 	10 	E 	E 	1.0 	0.0 	[1, 0] 	10 	0
main	412 	14 	 T1 	 0.0 	18 	S 	S 	1.0 	0.0 	[1, 0] 	6 	0
main	413 	14 	 T1 	 0.0 	14 	N 	N 	1.0 	0.0 	[-1, 0] 	10 	0
main	414 	14 	 T1 	 0.0 	10 	Z 	F 	0.0 	1.0 	[1, 0] 	2 	0
main	415 	14 	 T1 	 0.0 	10 	M 	M 	1.0 	0.0 	[-1, 0] 	2 	0
main	416 	14 	 T1 	 0.0 	14 	H 	H 	1.0 	0.0 	[-1, 0] 	6 	0
main	417 	14 	 T1 	 0.0 	22 	R 	R 	1.0 	0.0 	[-1, 0] 	2 	0
main	418 	14 	 T1 	 0.0 	6 	H 	H 	1.0 	0.0 	[-1, 0] 	6 	0
main	419 	14 	 T1 	 0.0 	22 	W 	W 	1.0 	0.0 	[-1, 0] 	6 	0
