experimentPhase	trialnum	subject	task	noisePercent	answerPos0	answer0	response0	correct0	responsePosRelative0	cueSpatialPos1	cueEccentricity1	timingBlips
main	0 	9 	 T1 	 0.0 	6 	L 	K 	0.0 	2.0 	[-1, 0] 	6 	0
main	1 	9 	 T1 	 0.0 	6 	I 	I 	1.0 	0.0 	[1, 0] 	10 	0
main	2 	9 	 T1 	 0.0 	14 	W 	W 	1.0 	0.0 	[-1, 0] 	10 	0
main	3 	9 	 T1 	 0.0 	8 	U 	U 	1.0 	0.0 	[1, 0] 	2 	0
main	4 	9 	 T1 	 0.0 	8 	E 	E 	1.0 	0.0 	[-1, 0] 	10 	0
main	5 	9 	 T1 	 0.0 	10 	H 	H 	1.0 	0.0 	[-1, 0] 	6 	0
main	6 	9 	 T1 	 0.0 	10 	M 	M 	1.0 	0.0 	[-1, 0] 	2 	0
main	7 	9 	 T1 	 0.0 	10 	T 	T 	1.0 	0.0 	[1, 0] 	6 	0
main	8 	9 	 T1 	 0.0 	14 	A 	A 	1.0 	0.0 	[-1, 0] 	6 	0
main	9 	9 	 T1 	 0.0 	10 	J 	J 	1.0 	0.0 	[1, 0] 	2 	0
main	10 	9 	 T1 	 0.0 	6 	Z 	Z 	1.0 	0.0 	[1, 0] 	2 	0
main	11 	9 	 T1 	 0.0 	14 	V 	V 	1.0 	0.0 	[1, 0] 	2 	0
main	12 	9 	 T1 	 0.0 	12 	U 	P 	0.0 	-1.0 	[-1, 0] 	10 	0
main	13 	9 	 T1 	 0.0 	8 	M 	M 	1.0 	0.0 	[-1, 0] 	6 	0
main	14 	9 	 T1 	 0.0 	12 	E 	E 	1.0 	0.0 	[1, 0] 	2 	0
main	15 	9 	 T1 	 0.0 	6 	U 	U 	1.0 	0.0 	[-1, 0] 	2 	0
main	16 	9 	 T1 	 0.0 	8 	G 	G 	1.0 	0.0 	[1, 0] 	10 	0
main	17 	9 	 T1 	 0.0 	14 	U 	U 	1.0 	0.0 	[-1, 0] 	2 	0
main	18 	9 	 T1 	 0.0 	6 	V 	V 	1.0 	0.0 	[-1, 0] 	10 	0
main	19 	9 	 T1 	 0.0 	14 	M 	M 	1.0 	0.0 	[1, 0] 	6 	0
main	20 	9 	 T1 	 0.0 	8 	K 	K 	1.0 	0.0 	[1, 0] 	6 	0
main	21 	9 	 T1 	 0.0 	12 	J 	I 	0.0 	1.0 	[1, 0] 	10 	0
main	22 	9 	 T1 	 0.0 	12 	R 	R 	1.0 	0.0 	[-1, 0] 	6 	0
main	23 	9 	 T1 	 0.0 	14 	K 	K 	1.0 	0.0 	[1, 0] 	10 	0
main	24 	9 	 T1 	 0.0 	12 	S 	S 	1.0 	0.0 	[1, 0] 	6 	0
main	25 	9 	 T1 	 0.0 	10 	K 	K 	1.0 	0.0 	[-1, 0] 	10 	0
main	26 	9 	 T1 	 0.0 	8 	G 	G 	1.0 	0.0 	[-1, 0] 	2 	0
main	27 	9 	 T1 	 0.0 	6 	G 	G 	1.0 	0.0 	[1, 0] 	6 	0
main	28 	9 	 T1 	 0.0 	10 	J 	J 	1.0 	0.0 	[1, 0] 	10 	0
main	29 	9 	 T1 	 0.0 	12 	X 	X 	1.0 	0.0 	[-1, 0] 	2 	0
main	30 	9 	 T1 	 0.0 	12 	Y 	Y 	1.0 	0.0 	[1, 0] 	6 	0
main	31 	9 	 T1 	 0.0 	10 	O 	O 	1.0 	0.0 	[1, 0] 	6 	0
main	32 	9 	 T1 	 0.0 	6 	S 	S 	1.0 	0.0 	[-1, 0] 	10 	0
main	33 	9 	 T1 	 0.0 	12 	B 	B 	1.0 	0.0 	[-1, 0] 	10 	0
main	34 	9 	 T1 	 0.0 	14 	M 	M 	1.0 	0.0 	[1, 0] 	6 	0
main	35 	9 	 T1 	 0.0 	10 	M 	M 	1.0 	0.0 	[1, 0] 	2 	0
main	36 	9 	 T1 	 0.0 	12 	D 	D 	1.0 	0.0 	[1, 0] 	10 	0
main	37 	9 	 T1 	 0.0 	10 	K 	T 	0.0 	1.0 	[-1, 0] 	6 	0
main	38 	9 	 T1 	 0.0 	6 	X 	X 	1.0 	0.0 	[-1, 0] 	6 	0
main	39 	9 	 T1 	 0.0 	6 	K 	P 	0.0 	9.0 	[-1, 0] 	2 	0
main	40 	9 	 T1 	 0.0 	8 	L 	L 	1.0 	0.0 	[1, 0] 	2 	0
main	41 	9 	 T1 	 0.0 	8 	I 	I 	1.0 	0.0 	[-1, 0] 	10 	0
main	42 	9 	 T1 	 0.0 	8 	B 	B 	1.0 	0.0 	[1, 0] 	10 	0
main	43 	9 	 T1 	 0.0 	14 	V 	V 	1.0 	0.0 	[1, 0] 	10 	0
main	44 	9 	 T1 	 0.0 	14 	K 	K 	1.0 	0.0 	[-1, 0] 	2 	0
main	45 	9 	 T1 	 0.0 	12 	V 	V 	1.0 	0.0 	[-1, 0] 	2 	0
main	46 	9 	 T1 	 0.0 	12 	M 	M 	1.0 	0.0 	[1, 0] 	2 	0
main	47 	9 	 T1 	 0.0 	8 	D 	D 	1.0 	0.0 	[1, 0] 	6 	0
main	48 	9 	 T1 	 0.0 	14 	M 	M 	1.0 	0.0 	[-1, 0] 	6 	0
main	49 	9 	 T1 	 0.0 	8 	N 	A 	0.0 	1.0 	[-1, 0] 	6 	0
main	50 	9 	 T1 	 0.0 	14 	T 	T 	1.0 	0.0 	[-1, 0] 	10 	0
main	51 	9 	 T1 	 0.0 	6 	J 	J 	1.0 	0.0 	[1, 0] 	2 	0
main	52 	9 	 T1 	 0.0 	10 	W 	W 	1.0 	0.0 	[1, 0] 	10 	0
main	53 	9 	 T1 	 0.0 	12 	M 	M 	1.0 	0.0 	[-1, 0] 	6 	0
main	54 	9 	 T1 	 0.0 	6 	K 	T 	0.0 	1.0 	[1, 0] 	6 	0
main	55 	9 	 T1 	 0.0 	10 	B 	B 	1.0 	0.0 	[-1, 0] 	2 	0
main	56 	9 	 T1 	 0.0 	8 	Y 	Y 	1.0 	0.0 	[-1, 0] 	2 	0
main	57 	9 	 T1 	 0.0 	6 	V 	V 	1.0 	0.0 	[1, 0] 	10 	0
main	58 	9 	 T1 	 0.0 	10 	K 	K 	1.0 	0.0 	[-1, 0] 	10 	0
main	59 	9 	 T1 	 0.0 	14 	Y 	Y 	1.0 	0.0 	[1, 0] 	2 	0
main	60 	9 	 T1 	 0.0 	14 	W 	W 	1.0 	0.0 	[-1, 0] 	6 	0
main	61 	9 	 T1 	 0.0 	10 	I 	I 	1.0 	0.0 	[1, 0] 	6 	0
main	62 	9 	 T1 	 0.0 	14 	Z 	Z 	1.0 	0.0 	[-1, 0] 	10 	0
main	63 	9 	 T1 	 0.0 	10 	E 	E 	1.0 	0.0 	[-1, 0] 	2 	0
main	64 	9 	 T1 	 0.0 	14 	A 	A 	1.0 	0.0 	[1, 0] 	10 	0
main	65 	9 	 T1 	 0.0 	8 	I 	I 	1.0 	0.0 	[-1, 0] 	10 	0
main	66 	9 	 T1 	 0.0 	8 	A 	A 	1.0 	0.0 	[1, 0] 	2 	0
main	67 	9 	 T1 	 0.0 	12 	G 	G 	1.0 	0.0 	[-1, 0] 	2 	0
main	68 	9 	 T1 	 0.0 	8 	G 	G 	1.0 	0.0 	[1, 0] 	10 	0
main	69 	9 	 T1 	 0.0 	10 	V 	V 	1.0 	0.0 	[-1, 0] 	10 	0
main	70 	9 	 T1 	 0.0 	14 	E 	E 	1.0 	0.0 	[-1, 0] 	2 	0
main	71 	9 	 T1 	 0.0 	8 	O 	O 	1.0 	0.0 	[-1, 0] 	6 	0
main	72 	9 	 T1 	 0.0 	10 	E 	E 	1.0 	0.0 	[1, 0] 	2 	0
main	73 	9 	 T1 	 0.0 	6 	O 	Q 	0.0 	-1.0 	[1, 0] 	6 	0
main	74 	9 	 T1 	 0.0 	10 	R 	R 	1.0 	0.0 	[1, 0] 	10 	0
main	75 	9 	 T1 	 0.0 	6 	W 	W 	1.0 	0.0 	[-1, 0] 	2 	0
main	76 	9 	 T1 	 0.0 	10 	D 	D 	1.0 	0.0 	[-1, 0] 	6 	0
main	77 	9 	 T1 	 0.0 	14 	E 	E 	1.0 	0.0 	[1, 0] 	2 	0
main	78 	9 	 T1 	 0.0 	12 	Z 	Z 	1.0 	0.0 	[1, 0] 	6 	0
main	79 	9 	 T1 	 0.0 	12 	V 	V 	1.0 	0.0 	[-1, 0] 	10 	0
main	80 	9 	 T1 	 0.0 	8 	V 	V 	1.0 	0.0 	[1, 0] 	6 	0
main	81 	9 	 T1 	 0.0 	14 	C 	C 	1.0 	0.0 	[1, 0] 	6 	0
main	82 	9 	 T1 	 0.0 	6 	I 	I 	1.0 	0.0 	[1, 0] 	10 	0
main	83 	9 	 T1 	 0.0 	6 	U 	U 	1.0 	0.0 	[-1, 0] 	10 	0
main	84 	9 	 T1 	 0.0 	12 	M 	M 	1.0 	0.0 	[-1, 0] 	6 	0
main	85 	9 	 T1 	 0.0 	12 	N 	N 	1.0 	0.0 	[1, 0] 	10 	0
main	86 	9 	 T1 	 0.0 	8 	E 	E 	1.0 	0.0 	[-1, 0] 	2 	0
main	87 	9 	 T1 	 0.0 	12 	P 	P 	1.0 	0.0 	[1, 0] 	2 	0
main	88 	9 	 T1 	 0.0 	6 	Z 	Z 	1.0 	0.0 	[1, 0] 	2 	0
main	89 	9 	 T1 	 0.0 	6 	C 	W 	0.0 	-1.0 	[-1, 0] 	6 	0
main	90 	9 	 T1 	 0.0 	6 	Q 	Q 	1.0 	0.0 	[-1, 0] 	10 	0
main	91 	9 	 T1 	 0.0 	8 	J 	J 	1.0 	0.0 	[-1, 0] 	10 	0
main	92 	9 	 T1 	 0.0 	8 	S 	S 	1.0 	0.0 	[1, 0] 	2 	0
main	93 	9 	 T1 	 0.0 	10 	F 	C 	0.0 	-1.0 	[-1, 0] 	10 	0
main	94 	9 	 T1 	 0.0 	12 	O 	O 	1.0 	0.0 	[-1, 0] 	2 	0
main	95 	9 	 T1 	 0.0 	12 	M 	M 	1.0 	0.0 	[-1, 0] 	6 	0
main	96 	9 	 T1 	 0.0 	14 	U 	J 	0.0 	-1.0 	[-1, 0] 	6 	0
main	97 	9 	 T1 	 0.0 	6 	N 	N 	1.0 	0.0 	[-1, 0] 	2 	0
main	98 	9 	 T1 	 0.0 	12 	Z 	Z 	1.0 	0.0 	[1, 0] 	6 	0
main	99 	9 	 T1 	 0.0 	8 	N 	N 	1.0 	0.0 	[1, 0] 	10 	0
main	100 	9 	 T1 	 0.0 	6 	O 	S 	0.0 	1.0 	[1, 0] 	10 	0
main	101 	9 	 T1 	 0.0 	14 	Y 	Y 	1.0 	0.0 	[-1, 0] 	2 	0
main	102 	9 	 T1 	 0.0 	14 	C 	C 	1.0 	0.0 	[-1, 0] 	10 	0
main	103 	9 	 T1 	 0.0 	6 	A 	A 	1.0 	0.0 	[1, 0] 	6 	0
main	104 	9 	 T1 	 0.0 	14 	K 	K 	1.0 	0.0 	[1, 0] 	6 	0
main	105 	9 	 T1 	 0.0 	6 	K 	K 	1.0 	0.0 	[1, 0] 	2 	0
main	106 	9 	 T1 	 0.0 	12 	W 	W 	1.0 	0.0 	[1, 0] 	10 	0
main	107 	9 	 T1 	 0.0 	14 	U 	U 	1.0 	0.0 	[1, 0] 	2 	0
main	108 	9 	 T1 	 0.0 	14 	D 	D 	1.0 	0.0 	[1, 0] 	10 	0
main	109 	9 	 T1 	 0.0 	12 	Y 	Y 	1.0 	0.0 	[1, 0] 	2 	0
main	110 	9 	 T1 	 0.0 	10 	J 	J 	1.0 	0.0 	[-1, 0] 	2 	0
main	111 	9 	 T1 	 0.0 	10 	N 	N 	1.0 	0.0 	[-1, 0] 	6 	0
main	112 	9 	 T1 	 0.0 	6 	K 	U 	0.0 	16.0 	[-1, 0] 	6 	0
main	113 	9 	 T1 	 0.0 	10 	Y 	Y 	1.0 	0.0 	[1, 0] 	6 	0
main	114 	9 	 T1 	 0.0 	8 	D 	D 	1.0 	0.0 	[-1, 0] 	2 	0
main	115 	9 	 T1 	 0.0 	10 	S 	S 	1.0 	0.0 	[1, 0] 	2 	0
main	116 	9 	 T1 	 0.0 	10 	D 	D 	1.0 	0.0 	[1, 0] 	10 	0
main	117 	9 	 T1 	 0.0 	8 	X 	X 	1.0 	0.0 	[1, 0] 	6 	0
main	118 	9 	 T1 	 0.0 	12 	K 	K 	1.0 	0.0 	[-1, 0] 	10 	0
main	119 	9 	 T1 	 0.0 	8 	A 	A 	1.0 	0.0 	[-1, 0] 	6 	0
main	120 	9 	 T1 	 0.0 	6 	A 	A 	1.0 	0.0 	[1, 0] 	2 	0
main	121 	9 	 T1 	 0.0 	10 	M 	M 	1.0 	0.0 	[1, 0] 	10 	0
main	122 	9 	 T1 	 0.0 	8 	I 	V 	0.0 	-1.0 	[1, 0] 	6 	0
main	123 	9 	 T1 	 0.0 	8 	A 	A 	1.0 	0.0 	[-1, 0] 	6 	0
main	124 	9 	 T1 	 0.0 	12 	X 	X 	1.0 	0.0 	[-1, 0] 	2 	0
main	125 	9 	 T1 	 0.0 	10 	C 	N 	0.0 	-1.0 	[-1, 0] 	6 	0
main	126 	9 	 T1 	 0.0 	8 	T 	T 	1.0 	0.0 	[-1, 0] 	10 	0
main	127 	9 	 T1 	 0.0 	14 	K 	K 	1.0 	0.0 	[-1, 0] 	10 	0
main	128 	9 	 T1 	 0.0 	14 	O 	O 	1.0 	0.0 	[1, 0] 	2 	0
main	129 	9 	 T1 	 0.0 	8 	Z 	Z 	1.0 	0.0 	[1, 0] 	10 	0
main	130 	9 	 T1 	 0.0 	12 	A 	A 	1.0 	0.0 	[1, 0] 	2 	0
main	131 	9 	 T1 	 0.0 	6 	L 	L 	1.0 	0.0 	[1, 0] 	10 	0
main	132 	9 	 T1 	 0.0 	12 	I 	I 	1.0 	0.0 	[1, 0] 	10 	0
main	133 	9 	 T1 	 0.0 	14 	Y 	Y 	1.0 	0.0 	[-1, 0] 	2 	0
main	134 	9 	 T1 	 0.0 	12 	O 	P 	0.0 	-1.0 	[-1, 0] 	6 	0
main	135 	9 	 T1 	 0.0 	12 	C 	F 	0.0 	-1.0 	[1, 0] 	6 	0
main	136 	9 	 T1 	 0.0 	10 	W 	W 	1.0 	0.0 	[1, 0] 	6 	0
main	137 	9 	 T1 	 0.0 	8 	X 	X 	1.0 	0.0 	[1, 0] 	2 	0
main	138 	9 	 T1 	 0.0 	14 	D 	D 	1.0 	0.0 	[1, 0] 	10 	0
main	139 	9 	 T1 	 0.0 	14 	P 	P 	1.0 	0.0 	[1, 0] 	6 	0
main	140 	9 	 T1 	 0.0 	10 	P 	P 	1.0 	0.0 	[-1, 0] 	2 	0
main	141 	9 	 T1 	 0.0 	6 	N 	N 	1.0 	0.0 	[-1, 0] 	6 	0
main	142 	9 	 T1 	 0.0 	12 	Q 	X 	0.0 	-1.0 	[-1, 0] 	10 	0
main	143 	9 	 T1 	 0.0 	6 	B 	B 	1.0 	0.0 	[-1, 0] 	10 	0
main	144 	9 	 T1 	 0.0 	6 	M 	M 	1.0 	0.0 	[-1, 0] 	2 	0
main	145 	9 	 T1 	 0.0 	10 	B 	I 	0.0 	-1.0 	[-1, 0] 	10 	0
main	146 	9 	 T1 	 0.0 	6 	K 	K 	1.0 	0.0 	[1, 0] 	6 	0
main	147 	9 	 T1 	 0.0 	14 	Y 	D 	0.0 	-1.0 	[-1, 0] 	6 	0
main	148 	9 	 T1 	 0.0 	8 	W 	W 	1.0 	0.0 	[-1, 0] 	2 	0
main	149 	9 	 T1 	 0.0 	10 	H 	H 	1.0 	0.0 	[1, 0] 	2 	0
main	150 	9 	 T1 	 0.0 	10 	O 	O 	1.0 	0.0 	[1, 0] 	2 	0
main	151 	9 	 T1 	 0.0 	10 	L 	L 	1.0 	0.0 	[-1, 0] 	10 	0
main	152 	9 	 T1 	 0.0 	8 	C 	C 	1.0 	0.0 	[1, 0] 	6 	0
main	153 	9 	 T1 	 0.0 	14 	J 	J 	1.0 	0.0 	[-1, 0] 	6 	0
main	154 	9 	 T1 	 0.0 	12 	Q 	Q 	1.0 	0.0 	[-1, 0] 	6 	0
main	155 	9 	 T1 	 0.0 	10 	N 	N 	1.0 	0.0 	[1, 0] 	10 	0
main	156 	9 	 T1 	 0.0 	10 	W 	W 	1.0 	0.0 	[-1, 0] 	6 	0
main	157 	9 	 T1 	 0.0 	8 	O 	O 	1.0 	0.0 	[1, 0] 	10 	0
main	158 	9 	 T1 	 0.0 	6 	G 	G 	1.0 	0.0 	[-1, 0] 	6 	0
main	159 	9 	 T1 	 0.0 	12 	V 	M 	0.0 	-1.0 	[1, 0] 	6 	0
main	160 	9 	 T1 	 0.0 	14 	K 	P 	0.0 	-1.0 	[-1, 0] 	10 	0
main	161 	9 	 T1 	 0.0 	12 	Z 	Z 	1.0 	0.0 	[1, 0] 	2 	0
main	162 	9 	 T1 	 0.0 	14 	B 	B 	1.0 	0.0 	[1, 0] 	6 	0
main	163 	9 	 T1 	 0.0 	6 	L 	B 	0.0 	7.0 	[1, 0] 	10 	0
main	164 	9 	 T1 	 0.0 	14 	E 	E 	1.0 	0.0 	[1, 0] 	10 	0
main	165 	9 	 T1 	 0.0 	12 	O 	O 	1.0 	0.0 	[-1, 0] 	2 	0
main	166 	9 	 T1 	 0.0 	10 	L 	L 	1.0 	0.0 	[1, 0] 	6 	0
main	167 	9 	 T1 	 0.0 	14 	E 	E 	1.0 	0.0 	[1, 0] 	2 	0
main	168 	9 	 T1 	 0.0 	6 	P 	R 	0.0 	1.0 	[1, 0] 	6 	0
main	169 	9 	 T1 	 0.0 	8 	T 	V 	0.0 	1.0 	[-1, 0] 	10 	0
main	170 	9 	 T1 	 0.0 	8 	T 	Y 	0.0 	1.0 	[-1, 0] 	6 	0
main	171 	9 	 T1 	 0.0 	6 	J 	J 	1.0 	0.0 	[-1, 0] 	10 	0
main	172 	9 	 T1 	 0.0 	8 	T 	T 	1.0 	0.0 	[-1, 0] 	2 	0
main	173 	9 	 T1 	 0.0 	6 	Z 	Z 	1.0 	0.0 	[1, 0] 	2 	0
main	174 	9 	 T1 	 0.0 	14 	R 	R 	1.0 	0.0 	[-1, 0] 	2 	0
main	175 	9 	 T1 	 0.0 	12 	U 	U 	1.0 	0.0 	[1, 0] 	10 	0
main	176 	9 	 T1 	 0.0 	10 	U 	U 	1.0 	0.0 	[-1, 0] 	2 	0
main	177 	9 	 T1 	 0.0 	12 	K 	K 	1.0 	0.0 	[-1, 0] 	10 	0
main	178 	9 	 T1 	 0.0 	6 	V 	V 	1.0 	0.0 	[-1, 0] 	2 	0
main	179 	9 	 T1 	 0.0 	8 	Y 	Y 	1.0 	0.0 	[1, 0] 	2 	0
main	180 	9 	 T1 	 0.0 	12 	F 	C 	0.0 	-1.0 	[-1, 0] 	10 	0
main	181 	9 	 T1 	 0.0 	10 	Y 	Y 	1.0 	0.0 	[-1, 0] 	10 	0
main	182 	9 	 T1 	 0.0 	10 	T 	S 	0.0 	1.0 	[-1, 0] 	2 	0
main	183 	9 	 T1 	 0.0 	10 	A 	A 	1.0 	0.0 	[1, 0] 	2 	0
main	184 	9 	 T1 	 0.0 	8 	S 	L 	0.0 	4.0 	[-1, 0] 	10 	0
main	185 	9 	 T1 	 0.0 	6 	O 	O 	1.0 	0.0 	[1, 0] 	6 	0
main	186 	9 	 T1 	 0.0 	6 	I 	I 	1.0 	0.0 	[-1, 0] 	6 	0
main	187 	9 	 T1 	 0.0 	6 	W 	W 	1.0 	0.0 	[-1, 0] 	10 	0
main	188 	9 	 T1 	 0.0 	6 	Z 	Z 	1.0 	0.0 	[-1, 0] 	2 	0
main	189 	9 	 T1 	 0.0 	12 	E 	E 	1.0 	0.0 	[-1, 0] 	2 	0
main	190 	9 	 T1 	 0.0 	6 	I 	J 	0.0 	1.0 	[1, 0] 	2 	0
main	191 	9 	 T1 	 0.0 	12 	E 	E 	1.0 	0.0 	[1, 0] 	6 	0
main	192 	9 	 T1 	 0.0 	12 	T 	N 	0.0 	-1.0 	[1, 0] 	10 	0
main	193 	9 	 T1 	 0.0 	10 	D 	D 	1.0 	0.0 	[-1, 0] 	6 	0
main	194 	9 	 T1 	 0.0 	14 	H 	H 	1.0 	0.0 	[-1, 0] 	2 	0
main	195 	9 	 T1 	 0.0 	12 	F 	F 	1.0 	0.0 	[1, 0] 	2 	0
main	196 	9 	 T1 	 0.0 	8 	L 	L 	1.0 	0.0 	[-1, 0] 	2 	0
main	197 	9 	 T1 	 0.0 	8 	Z 	Z 	1.0 	0.0 	[1, 0] 	2 	0
main	198 	9 	 T1 	 0.0 	6 	Q 	W 	0.0 	1.0 	[1, 0] 	10 	0
main	199 	9 	 T1 	 0.0 	14 	F 	F 	1.0 	0.0 	[-1, 0] 	10 	0
main	200 	9 	 T1 	 0.0 	14 	Y 	Y 	1.0 	0.0 	[-1, 0] 	6 	0
main	201 	9 	 T1 	 0.0 	8 	I 	I 	1.0 	0.0 	[1, 0] 	6 	0
main	202 	9 	 T1 	 0.0 	14 	W 	W 	1.0 	0.0 	[1, 0] 	2 	0
main	203 	9 	 T1 	 0.0 	12 	X 	X 	1.0 	0.0 	[-1, 0] 	6 	0
main	204 	9 	 T1 	 0.0 	8 	R 	R 	1.0 	0.0 	[-1, 0] 	6 	0
main	205 	9 	 T1 	 0.0 	8 	R 	T 	0.0 	-1.0 	[1, 0] 	10 	0
main	206 	9 	 T1 	 0.0 	10 	Z 	Z 	1.0 	0.0 	[1, 0] 	6 	0
main	207 	9 	 T1 	 0.0 	14 	A 	A 	1.0 	0.0 	[1, 0] 	10 	0
main	208 	9 	 T1 	 0.0 	10 	F 	F 	1.0 	0.0 	[1, 0] 	10 	0
main	209 	9 	 T1 	 0.0 	14 	G 	G 	1.0 	0.0 	[1, 0] 	6 	0
main	210 	9 	 T1 	 0.0 	6 	V 	V 	1.0 	0.0 	[-1, 0] 	2 	0
main	211 	9 	 T1 	 0.0 	8 	Y 	Y 	1.0 	0.0 	[-1, 0] 	2 	0
main	212 	9 	 T1 	 0.0 	6 	P 	P 	1.0 	0.0 	[1, 0] 	10 	0
main	213 	9 	 T1 	 0.0 	8 	X 	K 	0.0 	-1.0 	[-1, 0] 	10 	0
main	214 	9 	 T1 	 0.0 	12 	Q 	Q 	1.0 	0.0 	[-1, 0] 	6 	0
main	215 	9 	 T1 	 0.0 	14 	X 	X 	1.0 	0.0 	[1, 0] 	2 	0
main	216 	9 	 T1 	 0.0 	8 	T 	T 	1.0 	0.0 	[1, 0] 	6 	0
main	217 	9 	 T1 	 0.0 	6 	N 	N 	1.0 	0.0 	[-1, 0] 	10 	0
main	218 	9 	 T1 	 0.0 	10 	J 	J 	1.0 	0.0 	[-1, 0] 	6 	0
main	219 	9 	 T1 	 0.0 	14 	A 	A 	1.0 	0.0 	[1, 0] 	6 	0
main	220 	9 	 T1 	 0.0 	14 	C 	S 	0.0 	1.0 	[-1, 0] 	2 	0
main	221 	9 	 T1 	 0.0 	12 	I 	I 	1.0 	0.0 	[1, 0] 	10 	0
main	222 	9 	 T1 	 0.0 	14 	J 	G 	0.0 	-1.0 	[-1, 0] 	10 	0
main	223 	9 	 T1 	 0.0 	8 	I 	I 	1.0 	0.0 	[1, 0] 	10 	0
main	224 	9 	 T1 	 0.0 	12 	T 	T 	1.0 	0.0 	[-1, 0] 	2 	0
main	225 	9 	 T1 	 0.0 	10 	O 	D 	0.0 	-1.0 	[1, 0] 	10 	0
main	226 	9 	 T1 	 0.0 	14 	V 	V 	1.0 	0.0 	[1, 0] 	10 	0
main	227 	9 	 T1 	 0.0 	6 	H 	Z 	0.0 	1.0 	[1, 0] 	6 	0
main	228 	9 	 T1 	 0.0 	10 	U 	U 	1.0 	0.0 	[-1, 0] 	2 	0
main	229 	9 	 T1 	 0.0 	12 	X 	K 	0.0 	-1.0 	[1, 0] 	2 	0
main	230 	9 	 T1 	 0.0 	10 	N 	N 	1.0 	0.0 	[-1, 0] 	10 	0
main	231 	9 	 T1 	 0.0 	10 	X 	X 	1.0 	0.0 	[1, 0] 	2 	0
main	232 	9 	 T1 	 0.0 	12 	M 	W 	0.0 	1.0 	[-1, 0] 	10 	0
main	233 	9 	 T1 	 0.0 	12 	O 	G 	0.0 	-2.0 	[1, 0] 	6 	0
main	234 	9 	 T1 	 0.0 	14 	H 	H 	1.0 	0.0 	[-1, 0] 	6 	0
main	235 	9 	 T1 	 0.0 	8 	O 	O 	1.0 	0.0 	[-1, 0] 	6 	0
main	236 	9 	 T1 	 0.0 	10 	L 	L 	1.0 	0.0 	[1, 0] 	6 	0
main	237 	9 	 T1 	 0.0 	8 	D 	D 	1.0 	0.0 	[1, 0] 	2 	0
main	238 	9 	 T1 	 0.0 	6 	Q 	Q 	1.0 	0.0 	[1, 0] 	2 	0
main	239 	9 	 T1 	 0.0 	6 	Q 	Q 	1.0 	0.0 	[-1, 0] 	6 	0
main	240 	9 	 T1 	 0.0 	12 	C 	C 	1.0 	0.0 	[-1, 0] 	2 	0
main	241 	9 	 T1 	 0.0 	12 	A 	A 	1.0 	0.0 	[-1, 0] 	6 	0
main	242 	9 	 T1 	 0.0 	6 	T 	W 	0.0 	-1.0 	[-1, 0] 	6 	0
main	243 	9 	 T1 	 0.0 	10 	L 	L 	1.0 	0.0 	[-1, 0] 	2 	0
main	244 	9 	 T1 	 0.0 	6 	G 	G 	1.0 	0.0 	[1, 0] 	2 	0
main	245 	9 	 T1 	 0.0 	12 	Y 	Y 	1.0 	0.0 	[1, 0] 	6 	0
main	246 	9 	 T1 	 0.0 	10 	S 	S 	1.0 	0.0 	[-1, 0] 	6 	0
main	247 	9 	 T1 	 0.0 	8 	C 	C 	1.0 	0.0 	[-1, 0] 	10 	0
main	248 	9 	 T1 	 0.0 	6 	X 	X 	1.0 	0.0 	[-1, 0] 	2 	0
main	249 	9 	 T1 	 0.0 	14 	Q 	H 	0.0 	-1.0 	[1, 0] 	2 	0
main	250 	9 	 T1 	 0.0 	6 	S 	S 	1.0 	0.0 	[-1, 0] 	10 	0
main	251 	9 	 T1 	 0.0 	8 	V 	V 	1.0 	0.0 	[1, 0] 	10 	0
main	252 	9 	 T1 	 0.0 	14 	G 	G 	1.0 	0.0 	[1, 0] 	10 	0
main	253 	9 	 T1 	 0.0 	14 	X 	S 	0.0 	-1.0 	[-1, 0] 	6 	0
main	254 	9 	 T1 	 0.0 	6 	S 	H 	0.0 	-1.0 	[1, 0] 	6 	0
main	255 	9 	 T1 	 0.0 	10 	N 	N 	1.0 	0.0 	[1, 0] 	6 	0
main	256 	9 	 T1 	 0.0 	10 	B 	B 	1.0 	0.0 	[1, 0] 	10 	0
main	257 	9 	 T1 	 0.0 	14 	I 	I 	1.0 	0.0 	[-1, 0] 	10 	0
main	258 	9 	 T1 	 0.0 	12 	H 	H 	1.0 	0.0 	[-1, 0] 	10 	0
main	259 	9 	 T1 	 0.0 	10 	J 	J 	1.0 	0.0 	[1, 0] 	2 	0
main	260 	9 	 T1 	 0.0 	14 	S 	S 	1.0 	0.0 	[1, 0] 	6 	0
main	261 	9 	 T1 	 0.0 	12 	J 	J 	1.0 	0.0 	[1, 0] 	2 	0
main	262 	9 	 T1 	 0.0 	6 	S 	S 	1.0 	0.0 	[1, 0] 	10 	0
main	263 	9 	 T1 	 0.0 	10 	Y 	R 	0.0 	1.0 	[-1, 0] 	10 	0
main	264 	9 	 T1 	 0.0 	8 	S 	S 	1.0 	0.0 	[1, 0] 	2 	0
main	265 	9 	 T1 	 0.0 	8 	M 	M 	1.0 	0.0 	[-1, 0] 	6 	0
main	266 	9 	 T1 	 0.0 	14 	K 	K 	1.0 	0.0 	[-1, 0] 	2 	0
main	267 	9 	 T1 	 0.0 	12 	F 	F 	1.0 	0.0 	[1, 0] 	10 	0
main	268 	9 	 T1 	 0.0 	8 	E 	E 	1.0 	0.0 	[-1, 0] 	2 	0
main	269 	9 	 T1 	 0.0 	8 	Z 	Z 	1.0 	0.0 	[1, 0] 	6 	0
main	270 	9 	 T1 	 0.0 	12 	L 	L 	1.0 	0.0 	[1, 0] 	10 	0
main	271 	9 	 T1 	 0.0 	14 	N 	N 	1.0 	0.0 	[1, 0] 	10 	0
main	272 	9 	 T1 	 0.0 	14 	C 	I 	0.0 	-1.0 	[-1, 0] 	6 	0
main	273 	9 	 T1 	 0.0 	6 	O 	O 	1.0 	0.0 	[1, 0] 	6 	0
main	274 	9 	 T1 	 0.0 	14 	F 	F 	1.0 	0.0 	[1, 0] 	6 	0
main	275 	9 	 T1 	 0.0 	10 	L 	L 	1.0 	0.0 	[1, 0] 	6 	0
main	276 	9 	 T1 	 0.0 	6 	G 	G 	1.0 	0.0 	[1, 0] 	2 	0
main	277 	9 	 T1 	 0.0 	14 	I 	W 	0.0 	-1.0 	[1, 0] 	2 	0
main	278 	9 	 T1 	 0.0 	6 	M 	M 	1.0 	0.0 	[-1, 0] 	10 	0
main	279 	9 	 T1 	 0.0 	8 	K 	K 	1.0 	0.0 	[1, 0] 	2 	0
main	280 	9 	 T1 	 0.0 	8 	A 	A 	1.0 	0.0 	[1, 0] 	6 	0
main	281 	9 	 T1 	 0.0 	6 	F 	F 	1.0 	0.0 	[-1, 0] 	6 	0
main	282 	9 	 T1 	 0.0 	6 	M 	M 	1.0 	0.0 	[-1, 0] 	2 	0
main	283 	9 	 T1 	 0.0 	6 	L 	L 	1.0 	0.0 	[1, 0] 	10 	0
main	284 	9 	 T1 	 0.0 	8 	U 	U 	1.0 	0.0 	[-1, 0] 	2 	0
main	285 	9 	 T1 	 0.0 	10 	K 	K 	1.0 	0.0 	[-1, 0] 	10 	0
main	286 	9 	 T1 	 0.0 	14 	B 	B 	1.0 	0.0 	[-1, 0] 	2 	0
main	287 	9 	 T1 	 0.0 	10 	M 	M 	1.0 	0.0 	[-1, 0] 	2 	0
main	288 	9 	 T1 	 0.0 	12 	R 	R 	1.0 	0.0 	[-1, 0] 	6 	0
main	289 	9 	 T1 	 0.0 	8 	R 	P 	0.0 	-1.0 	[1, 0] 	10 	0
main	290 	9 	 T1 	 0.0 	10 	H 	H 	1.0 	0.0 	[1, 0] 	2 	0
main	291 	9 	 T1 	 0.0 	8 	K 	K 	1.0 	0.0 	[-1, 0] 	10 	0
main	292 	9 	 T1 	 0.0 	14 	T 	H 	0.0 	1.0 	[-1, 0] 	10 	0
main	293 	9 	 T1 	 0.0 	12 	Q 	Q 	1.0 	0.0 	[1, 0] 	6 	0
main	294 	9 	 T1 	 0.0 	10 	Z 	Z 	1.0 	0.0 	[-1, 0] 	6 	0
main	295 	9 	 T1 	 0.0 	12 	Z 	Z 	1.0 	0.0 	[-1, 0] 	10 	0
main	296 	9 	 T1 	 0.0 	12 	P 	P 	1.0 	0.0 	[-1, 0] 	2 	0
main	297 	9 	 T1 	 0.0 	10 	U 	U 	1.0 	0.0 	[1, 0] 	10 	0
main	298 	9 	 T1 	 0.0 	8 	Z 	Z 	1.0 	0.0 	[-1, 0] 	6 	0
main	299 	9 	 T1 	 0.0 	12 	Z 	Z 	1.0 	0.0 	[1, 0] 	2 	0
main	300 	9 	 T1 	 0.0 	12 	K 	K 	1.0 	0.0 	[1, 0] 	10 	0
main	301 	9 	 T1 	 0.0 	14 	C 	C 	1.0 	0.0 	[-1, 0] 	10 	0
main	302 	9 	 T1 	 0.0 	6 	F 	F 	1.0 	0.0 	[1, 0] 	10 	0
main	303 	9 	 T1 	 0.0 	10 	G 	G 	1.0 	0.0 	[1, 0] 	10 	0
main	304 	9 	 T1 	 0.0 	10 	T 	T 	1.0 	0.0 	[-1, 0] 	2 	0
main	305 	9 	 T1 	 0.0 	6 	P 	I 	0.0 	1.0 	[-1, 0] 	6 	0
main	306 	9 	 T1 	 0.0 	12 	U 	U 	1.0 	0.0 	[-1, 0] 	6 	0
main	307 	9 	 T1 	 0.0 	14 	E 	E 	1.0 	0.0 	[-1, 0] 	2 	0
main	308 	9 	 T1 	 0.0 	10 	D 	D 	1.0 	0.0 	[1, 0] 	2 	0
main	309 	9 	 T1 	 0.0 	8 	N 	N 	1.0 	0.0 	[1, 0] 	6 	0
main	310 	9 	 T1 	 0.0 	12 	X 	X 	1.0 	0.0 	[1, 0] 	6 	0
main	311 	9 	 T1 	 0.0 	6 	D 	D 	1.0 	0.0 	[-1, 0] 	10 	0
main	312 	9 	 T1 	 0.0 	12 	Y 	Y 	1.0 	0.0 	[-1, 0] 	2 	0
main	313 	9 	 T1 	 0.0 	6 	H 	H 	1.0 	0.0 	[1, 0] 	2 	0
main	314 	9 	 T1 	 0.0 	12 	K 	J 	0.0 	-1.0 	[-1, 0] 	10 	0
main	315 	9 	 T1 	 0.0 	6 	J 	J 	1.0 	0.0 	[1, 0] 	6 	0
main	316 	9 	 T1 	 0.0 	14 	Q 	Q 	1.0 	0.0 	[-1, 0] 	6 	0
main	317 	9 	 T1 	 0.0 	8 	I 	I 	1.0 	0.0 	[-1, 0] 	2 	0
main	318 	9 	 T1 	 0.0 	10 	K 	K 	1.0 	0.0 	[-1, 0] 	6 	0
main	319 	9 	 T1 	 0.0 	8 	Y 	Y 	1.0 	0.0 	[1, 0] 	2 	0
main	320 	9 	 T1 	 0.0 	10 	I 	I 	1.0 	0.0 	[1, 0] 	6 	0
main	321 	9 	 T1 	 0.0 	10 	X 	X 	1.0 	0.0 	[-1, 0] 	10 	0
main	322 	9 	 T1 	 0.0 	14 	T 	T 	1.0 	0.0 	[1, 0] 	2 	0
main	323 	9 	 T1 	 0.0 	8 	P 	A 	0.0 	1.0 	[-1, 0] 	6 	0
main	324 	9 	 T1 	 0.0 	8 	K 	K 	1.0 	0.0 	[1, 0] 	10 	0
main	325 	9 	 T1 	 0.0 	14 	U 	U 	1.0 	0.0 	[1, 0] 	10 	0
main	326 	9 	 T1 	 0.0 	6 	V 	V 	1.0 	0.0 	[-1, 0] 	2 	0
main	327 	9 	 T1 	 0.0 	12 	T 	N 	0.0 	1.0 	[1, 0] 	2 	0
main	328 	9 	 T1 	 0.0 	8 	V 	V 	1.0 	0.0 	[-1, 0] 	10 	0
main	329 	9 	 T1 	 0.0 	14 	H 	H 	1.0 	0.0 	[1, 0] 	6 	0
main	330 	9 	 T1 	 0.0 	14 	Z 	Z 	1.0 	0.0 	[-1, 0] 	6 	0
main	331 	9 	 T1 	 0.0 	8 	F 	F 	1.0 	0.0 	[1, 0] 	2 	0
main	332 	9 	 T1 	 0.0 	8 	N 	N 	1.0 	0.0 	[1, 0] 	6 	0
main	333 	9 	 T1 	 0.0 	6 	T 	T 	1.0 	0.0 	[-1, 0] 	6 	0
main	334 	9 	 T1 	 0.0 	14 	E 	E 	1.0 	0.0 	[1, 0] 	2 	0
main	335 	9 	 T1 	 0.0 	12 	W 	W 	1.0 	0.0 	[-1, 0] 	6 	0
main	336 	9 	 T1 	 0.0 	6 	D 	D 	1.0 	0.0 	[1, 0] 	10 	0
main	337 	9 	 T1 	 0.0 	14 	I 	I 	1.0 	0.0 	[-1, 0] 	10 	0
main	338 	9 	 T1 	 0.0 	12 	I 	B 	0.0 	-1.0 	[-1, 0] 	10 	0
main	339 	9 	 T1 	 0.0 	8 	P 	P 	1.0 	0.0 	[-1, 0] 	10 	0
main	340 	9 	 T1 	 0.0 	10 	P 	P 	1.0 	0.0 	[1, 0] 	6 	0
main	341 	9 	 T1 	 0.0 	6 	P 	P 	1.0 	0.0 	[-1, 0] 	2 	0
main	342 	9 	 T1 	 0.0 	6 	N 	N 	1.0 	0.0 	[-1, 0] 	10 	0
main	343 	9 	 T1 	 0.0 	6 	R 	R 	1.0 	0.0 	[1, 0] 	2 	0
main	344 	9 	 T1 	 0.0 	8 	F 	F 	1.0 	0.0 	[-1, 0] 	2 	0
main	345 	9 	 T1 	 0.0 	8 	V 	V 	1.0 	0.0 	[-1, 0] 	6 	0
main	346 	9 	 T1 	 0.0 	12 	Q 	Q 	1.0 	0.0 	[-1, 0] 	2 	0
main	347 	9 	 T1 	 0.0 	10 	P 	P 	1.0 	0.0 	[-1, 0] 	6 	0
main	348 	9 	 T1 	 0.0 	14 	K 	K 	1.0 	0.0 	[1, 0] 	10 	0
main	349 	9 	 T1 	 0.0 	14 	R 	W 	0.0 	1.0 	[-1, 0] 	2 	0
main	350 	9 	 T1 	 0.0 	12 	N 	N 	1.0 	0.0 	[1, 0] 	2 	0
main	351 	9 	 T1 	 0.0 	14 	P 	O 	0.0 	-14.0 	[1, 0] 	6 	0
main	352 	9 	 T1 	 0.0 	10 	B 	B 	1.0 	0.0 	[-1, 0] 	2 	0
main	353 	9 	 T1 	 0.0 	8 	F 	C 	0.0 	-1.0 	[1, 0] 	10 	0
main	354 	9 	 T1 	 0.0 	10 	D 	D 	1.0 	0.0 	[1, 0] 	10 	0
main	355 	9 	 T1 	 0.0 	6 	X 	N 	0.0 	7.0 	[1, 0] 	6 	0
main	356 	9 	 T1 	 0.0 	10 	F 	F 	1.0 	0.0 	[1, 0] 	2 	0
main	357 	9 	 T1 	 0.0 	12 	X 	M 	0.0 	-1.0 	[1, 0] 	6 	0
main	358 	9 	 T1 	 0.0 	10 	Q 	Q 	1.0 	0.0 	[-1, 0] 	10 	0
main	359 	9 	 T1 	 0.0 	12 	G 	G 	1.0 	0.0 	[1, 0] 	10 	0
main	360 	9 	 T1 	 0.0 	10 	S 	S 	1.0 	0.0 	[1, 0] 	6 	0
main	361 	9 	 T1 	 0.0 	10 	N 	N 	1.0 	0.0 	[-1, 0] 	6 	0
main	362 	9 	 T1 	 0.0 	10 	Q 	Q 	1.0 	0.0 	[-1, 0] 	2 	0
main	363 	9 	 T1 	 0.0 	14 	C 	C 	1.0 	0.0 	[1, 0] 	2 	0
main	364 	9 	 T1 	 0.0 	6 	R 	R 	1.0 	0.0 	[1, 0] 	10 	0
main	365 	9 	 T1 	 0.0 	14 	W 	W 	1.0 	0.0 	[1, 0] 	6 	0
main	366 	9 	 T1 	 0.0 	6 	T 	T 	1.0 	0.0 	[-1, 0] 	2 	0
main	367 	9 	 T1 	 0.0 	14 	B 	B 	1.0 	0.0 	[1, 0] 	10 	0
main	368 	9 	 T1 	 0.0 	12 	D 	L 	0.0 	-1.0 	[-1, 0] 	6 	0
main	369 	9 	 T1 	 0.0 	6 	S 	U 	0.0 	-1.0 	[1, 0] 	6 	0
main	370 	9 	 T1 	 0.0 	6 	K 	Q 	0.0 	-1.0 	[-1, 0] 	6 	0
main	371 	9 	 T1 	 0.0 	8 	B 	B 	1.0 	0.0 	[-1, 0] 	6 	0
main	372 	9 	 T1 	 0.0 	14 	F 	F 	1.0 	0.0 	[-1, 0] 	6 	0
main	373 	9 	 T1 	 0.0 	12 	W 	W 	1.0 	0.0 	[1, 0] 	6 	0
main	374 	9 	 T1 	 0.0 	10 	O 	O 	1.0 	0.0 	[1, 0] 	10 	0
main	375 	9 	 T1 	 0.0 	12 	J 	J 	1.0 	0.0 	[-1, 0] 	2 	0
main	376 	9 	 T1 	 0.0 	10 	H 	H 	1.0 	0.0 	[-1, 0] 	10 	0
main	377 	9 	 T1 	 0.0 	14 	F 	F 	1.0 	0.0 	[-1, 0] 	10 	0
main	378 	9 	 T1 	 0.0 	8 	W 	W 	1.0 	0.0 	[-1, 0] 	10 	0
main	379 	9 	 T1 	 0.0 	6 	D 	D 	1.0 	0.0 	[-1, 0] 	10 	0
main	380 	9 	 T1 	 0.0 	12 	N 	D 	0.0 	3.0 	[1, 0] 	10 	0
main	381 	9 	 T1 	 0.0 	8 	Z 	Z 	1.0 	0.0 	[1, 0] 	6 	0
main	382 	9 	 T1 	 0.0 	14 	O 	O 	1.0 	0.0 	[-1, 0] 	2 	0
main	383 	9 	 T1 	 0.0 	6 	S 	S 	1.0 	0.0 	[1, 0] 	2 	0
main	384 	9 	 T1 	 0.0 	10 	Q 	Q 	1.0 	0.0 	[1, 0] 	2 	0
main	385 	9 	 T1 	 0.0 	12 	U 	U 	1.0 	0.0 	[1, 0] 	2 	0
main	386 	9 	 T1 	 0.0 	12 	M 	M 	1.0 	0.0 	[-1, 0] 	10 	0
main	387 	9 	 T1 	 0.0 	8 	P 	P 	1.0 	0.0 	[1, 0] 	2 	0
main	388 	9 	 T1 	 0.0 	8 	D 	D 	1.0 	0.0 	[-1, 0] 	2 	0
main	389 	9 	 T1 	 0.0 	8 	Z 	H 	0.0 	-1.0 	[1, 0] 	10 	0
main	390 	9 	 T1 	 0.0 	12 	E 	B 	0.0 	1.0 	[1, 0] 	2 	0
main	391 	9 	 T1 	 0.0 	8 	L 	X 	0.0 	1.0 	[-1, 0] 	2 	0
main	392 	9 	 T1 	 0.0 	8 	Y 	V 	0.0 	1.0 	[-1, 0] 	10 	0
main	393 	9 	 T1 	 0.0 	8 	V 	V 	1.0 	0.0 	[1, 0] 	2 	0
main	394 	9 	 T1 	 0.0 	14 	G 	G 	1.0 	0.0 	[1, 0] 	2 	0
main	395 	9 	 T1 	 0.0 	10 	F 	F 	1.0 	0.0 	[-1, 0] 	2 	0
main	396 	9 	 T1 	 0.0 	10 	S 	S 	1.0 	0.0 	[1, 0] 	6 	0
main	397 	9 	 T1 	 0.0 	6 	B 	B 	1.0 	0.0 	[1, 0] 	2 	0
main	398 	9 	 T1 	 0.0 	6 	X 	X 	1.0 	0.0 	[1, 0] 	10 	0
main	399 	9 	 T1 	 0.0 	12 	K 	Q 	0.0 	-1.0 	[1, 0] 	6 	0
main	400 	9 	 T1 	 0.0 	14 	G 	H 	0.0 	-1.0 	[1, 0] 	6 	0
main	401 	9 	 T1 	 0.0 	10 	I 	I 	1.0 	0.0 	[1, 0] 	2 	0
main	402 	9 	 T1 	 0.0 	14 	G 	G 	1.0 	0.0 	[1, 0] 	10 	0
main	403 	9 	 T1 	 0.0 	10 	M 	M 	1.0 	0.0 	[1, 0] 	10 	0
main	404 	9 	 T1 	 0.0 	8 	H 	D 	0.0 	-1.0 	[1, 0] 	10 	0
main	405 	9 	 T1 	 0.0 	12 	V 	V 	1.0 	0.0 	[-1, 0] 	10 	0
main	406 	9 	 T1 	 0.0 	10 	G 	G 	1.0 	0.0 	[-1, 0] 	10 	0
main	407 	9 	 T1 	 0.0 	14 	T 	T 	1.0 	0.0 	[-1, 0] 	10 	0
main	408 	9 	 T1 	 0.0 	14 	W 	W 	1.0 	0.0 	[-1, 0] 	6 	0
main	409 	9 	 T1 	 0.0 	8 	B 	A 	0.0 	1.0 	[-1, 0] 	6 	0
main	410 	9 	 T1 	 0.0 	6 	H 	E 	0.0 	-1.0 	[-1, 0] 	6 	0
main	411 	9 	 T1 	 0.0 	6 	Z 	Z 	1.0 	0.0 	[-1, 0] 	2 	0
main	412 	9 	 T1 	 0.0 	10 	H 	H 	1.0 	0.0 	[-1, 0] 	6 	0
main	413 	9 	 T1 	 0.0 	12 	L 	L 	1.0 	0.0 	[-1, 0] 	6 	0
main	414 	9 	 T1 	 0.0 	6 	M 	M 	1.0 	0.0 	[-1, 0] 	10 	0
main	415 	9 	 T1 	 0.0 	12 	C 	X 	0.0 	-1.0 	[1, 0] 	10 	0
main	416 	9 	 T1 	 0.0 	12 	O 	O 	1.0 	0.0 	[-1, 0] 	2 	0
main	417 	9 	 T1 	 0.0 	14 	K 	K 	1.0 	0.0 	[-1, 0] 	2 	0
main	418 	9 	 T1 	 0.0 	8 	J 	J 	1.0 	0.0 	[1, 0] 	6 	0
main	419 	9 	 T1 	 0.0 	6 	O 	Q 	0.0 	-2.0 	[1, 0] 	6 	0
