experimentPhase	trialnum	subject	task	noisePercent	answerPos0	answer0	response0	correct0	responsePosRelative0	cueSpatialPos1	cueEccentricity1	timingBlips
main	0 	2 	 T1 	 0.0 	12 	R 	D 	0.0 	1.0 	[-1, 0] 	6 	0
main	1 	2 	 T1 	 0.0 	6 	I 	S 	0.0 	1.0 	[1, 0] 	2 	0
main	2 	2 	 T1 	 0.0 	12 	Z 	Z 	1.0 	0.0 	[1, 0] 	10 	0
main	3 	2 	 T1 	 0.0 	8 	X 	X 	1.0 	0.0 	[1, 0] 	6 	0
main	4 	2 	 T1 	 0.0 	10 	R 	R 	1.0 	0.0 	[-1, 0] 	10 	0
main	5 	2 	 T1 	 0.0 	6 	A 	A 	1.0 	0.0 	[1, 0] 	10 	0
main	6 	2 	 T1 	 0.0 	6 	I 	I 	1.0 	0.0 	[-1, 0] 	2 	0
main	7 	2 	 T1 	 0.0 	10 	N 	N 	1.0 	0.0 	[1, 0] 	2 	0
main	8 	2 	 T1 	 0.0 	8 	T 	T 	1.0 	0.0 	[1, 0] 	2 	0
main	9 	2 	 T1 	 0.0 	10 	T 	L 	0.0 	1.0 	[-1, 0] 	6 	0
main	10 	2 	 T1 	 0.0 	12 	W 	W 	1.0 	0.0 	[-1, 0] 	10 	0
main	11 	2 	 T1 	 0.0 	14 	W 	W 	1.0 	0.0 	[1, 0] 	2 	0
main	12 	2 	 T1 	 0.0 	14 	C 	C 	1.0 	0.0 	[-1, 0] 	2 	0
main	13 	2 	 T1 	 0.0 	10 	D 	D 	1.0 	0.0 	[1, 0] 	6 	0
main	14 	2 	 T1 	 0.0 	14 	U 	U 	1.0 	0.0 	[-1, 0] 	10 	0
main	15 	2 	 T1 	 0.0 	8 	I 	I 	1.0 	0.0 	[-1, 0] 	2 	0
main	16 	2 	 T1 	 0.0 	14 	V 	E 	0.0 	-1.0 	[-1, 0] 	6 	1
main	17 	2 	 T1 	 0.0 	8 	L 	K 	0.0 	1.0 	[-1, 0] 	10 	0
main	18 	2 	 T1 	 0.0 	12 	R 	R 	1.0 	0.0 	[1, 0] 	2 	0
main	19 	2 	 T1 	 0.0 	10 	L 	L 	1.0 	0.0 	[-1, 0] 	2 	0
main	20 	2 	 T1 	 0.0 	14 	C 	R 	0.0 	-1.0 	[1, 0] 	10 	0
main	21 	2 	 T1 	 0.0 	6 	A 	A 	1.0 	0.0 	[1, 0] 	6 	0
main	22 	2 	 T1 	 0.0 	8 	W 	W 	1.0 	0.0 	[-1, 0] 	6 	0
main	23 	2 	 T1 	 0.0 	10 	I 	I 	1.0 	0.0 	[1, 0] 	10 	0
main	24 	2 	 T1 	 0.0 	14 	S 	S 	1.0 	0.0 	[1, 0] 	6 	0
main	25 	2 	 T1 	 0.0 	8 	G 	X 	0.0 	8.0 	[1, 0] 	10 	0
main	26 	2 	 T1 	 0.0 	6 	W 	W 	1.0 	0.0 	[-1, 0] 	10 	0
main	27 	2 	 T1 	 0.0 	12 	B 	Y 	0.0 	1.0 	[1, 0] 	6 	0
main	28 	2 	 T1 	 0.0 	6 	K 	K 	1.0 	0.0 	[-1, 0] 	6 	0
main	29 	2 	 T1 	 0.0 	12 	V 	V 	1.0 	0.0 	[-1, 0] 	2 	0
main	30 	2 	 T1 	 0.0 	6 	J 	R 	0.0 	-1.0 	[-1, 0] 	2 	0
main	31 	2 	 T1 	 0.0 	6 	Z 	N 	0.0 	-1.0 	[-1, 0] 	10 	0
main	32 	2 	 T1 	 0.0 	12 	Z 	Z 	1.0 	0.0 	[-1, 0] 	10 	0
main	33 	2 	 T1 	 0.0 	12 	P 	P 	1.0 	0.0 	[1, 0] 	2 	0
main	34 	2 	 T1 	 0.0 	6 	U 	U 	1.0 	0.0 	[1, 0] 	2 	0
main	35 	2 	 T1 	 0.0 	12 	N 	N 	1.0 	0.0 	[-1, 0] 	2 	0
main	36 	2 	 T1 	 0.0 	10 	B 	B 	1.0 	0.0 	[-1, 0] 	2 	0
main	37 	2 	 T1 	 0.0 	10 	N 	N 	1.0 	0.0 	[-1, 0] 	10 	0
main	38 	2 	 T1 	 0.0 	10 	Z 	Z 	1.0 	0.0 	[-1, 0] 	6 	0
main	39 	2 	 T1 	 0.0 	10 	S 	S 	1.0 	0.0 	[1, 0] 	6 	0
main	40 	2 	 T1 	 0.0 	10 	K 	K 	1.0 	0.0 	[1, 0] 	2 	0
main	41 	2 	 T1 	 0.0 	14 	A 	A 	1.0 	0.0 	[1, 0] 	6 	0
main	42 	2 	 T1 	 0.0 	14 	O 	A 	0.0 	-1.0 	[1, 0] 	2 	0
main	43 	2 	 T1 	 0.0 	8 	N 	N 	1.0 	0.0 	[1, 0] 	2 	0
main	44 	2 	 T1 	 0.0 	14 	K 	K 	1.0 	0.0 	[-1, 0] 	6 	0
main	45 	2 	 T1 	 0.0 	12 	Y 	P 	0.0 	-1.0 	[-1, 0] 	6 	0
main	46 	2 	 T1 	 0.0 	14 	D 	D 	1.0 	0.0 	[1, 0] 	10 	0
main	47 	2 	 T1 	 0.0 	8 	Q 	Q 	1.0 	0.0 	[-1, 0] 	6 	0
main	48 	2 	 T1 	 0.0 	8 	J 	D 	0.0 	1.0 	[1, 0] 	6 	0
main	49 	2 	 T1 	 0.0 	6 	M 	M 	1.0 	0.0 	[-1, 0] 	6 	0
main	50 	2 	 T1 	 0.0 	14 	W 	W 	1.0 	0.0 	[-1, 0] 	2 	0
main	51 	2 	 T1 	 0.0 	6 	M 	M 	1.0 	0.0 	[1, 0] 	6 	0
main	52 	2 	 T1 	 0.0 	8 	G 	G 	1.0 	0.0 	[-1, 0] 	2 	0
main	53 	2 	 T1 	 0.0 	12 	T 	T 	1.0 	0.0 	[1, 0] 	10 	0
main	54 	2 	 T1 	 0.0 	8 	U 	U 	1.0 	0.0 	[1, 0] 	10 	0
main	55 	2 	 T1 	 0.0 	10 	N 	N 	1.0 	0.0 	[1, 0] 	10 	0
main	56 	2 	 T1 	 0.0 	8 	G 	G 	1.0 	0.0 	[-1, 0] 	10 	0
main	57 	2 	 T1 	 0.0 	12 	R 	R 	1.0 	0.0 	[1, 0] 	6 	0
main	58 	2 	 T1 	 0.0 	14 	Z 	Z 	1.0 	0.0 	[-1, 0] 	10 	0
main	59 	2 	 T1 	 0.0 	6 	H 	H 	1.0 	0.0 	[1, 0] 	10 	0
main	60 	2 	 T1 	 0.0 	10 	B 	R 	0.0 	1.0 	[1, 0] 	2 	0
main	61 	2 	 T1 	 0.0 	14 	L 	D 	0.0 	1.0 	[1, 0] 	10 	0
main	62 	2 	 T1 	 0.0 	14 	J 	X 	0.0 	1.0 	[-1, 0] 	10 	0
main	63 	2 	 T1 	 0.0 	10 	A 	A 	1.0 	0.0 	[1, 0] 	6 	0
main	64 	2 	 T1 	 0.0 	6 	G 	G 	1.0 	0.0 	[-1, 0] 	2 	0
main	65 	2 	 T1 	 0.0 	14 	I 	I 	1.0 	0.0 	[-1, 0] 	6 	0
main	66 	2 	 T1 	 0.0 	6 	Y 	Y 	1.0 	0.0 	[1, 0] 	2 	0
main	67 	2 	 T1 	 0.0 	12 	S 	M 	0.0 	1.0 	[-1, 0] 	10 	0
main	68 	2 	 T1 	 0.0 	12 	L 	L 	1.0 	0.0 	[1, 0] 	10 	0
main	69 	2 	 T1 	 0.0 	6 	X 	X 	1.0 	0.0 	[-1, 0] 	6 	0
main	70 	2 	 T1 	 0.0 	14 	L 	L 	1.0 	0.0 	[-1, 0] 	2 	0
main	71 	2 	 T1 	 0.0 	6 	M 	M 	1.0 	0.0 	[1, 0] 	6 	0
main	72 	2 	 T1 	 0.0 	8 	F 	W 	0.0 	-1.0 	[1, 0] 	10 	0
main	73 	2 	 T1 	 0.0 	8 	E 	E 	1.0 	0.0 	[-1, 0] 	10 	0
main	74 	2 	 T1 	 0.0 	12 	V 	V 	1.0 	0.0 	[1, 0] 	2 	0
main	75 	2 	 T1 	 0.0 	10 	T 	R 	0.0 	-1.0 	[1, 0] 	10 	0
main	76 	2 	 T1 	 0.0 	10 	C 	C 	1.0 	0.0 	[-1, 0] 	10 	0
main	77 	2 	 T1 	 0.0 	12 	O 	O 	1.0 	0.0 	[-1, 0] 	6 	0
main	78 	2 	 T1 	 0.0 	12 	E 	E 	1.0 	0.0 	[-1, 0] 	2 	0
main	79 	2 	 T1 	 0.0 	8 	A 	A 	1.0 	0.0 	[-1, 0] 	6 	0
main	80 	2 	 T1 	 0.0 	10 	Q 	Q 	1.0 	0.0 	[-1, 0] 	6 	0
main	81 	2 	 T1 	 0.0 	6 	B 	B 	1.0 	0.0 	[1, 0] 	10 	0
main	82 	2 	 T1 	 0.0 	14 	K 	K 	1.0 	0.0 	[1, 0] 	6 	0
main	83 	2 	 T1 	 0.0 	6 	M 	M 	1.0 	0.0 	[-1, 0] 	10 	0
main	84 	2 	 T1 	 0.0 	14 	O 	C 	0.0 	1.0 	[1, 0] 	2 	0
main	85 	2 	 T1 	 0.0 	8 	Z 	Z 	1.0 	0.0 	[1, 0] 	2 	0
main	86 	2 	 T1 	 0.0 	8 	U 	U 	1.0 	0.0 	[1, 0] 	6 	0
main	87 	2 	 T1 	 0.0 	10 	V 	A 	0.0 	1.0 	[-1, 0] 	2 	0
main	88 	2 	 T1 	 0.0 	8 	X 	X 	1.0 	0.0 	[-1, 0] 	2 	0
main	89 	2 	 T1 	 0.0 	12 	P 	R 	0.0 	1.0 	[1, 0] 	6 	0
main	90 	2 	 T1 	 0.0 	10 	J 	Z 	0.0 	1.0 	[1, 0] 	10 	0
main	91 	2 	 T1 	 0.0 	12 	Q 	Q 	1.0 	0.0 	[-1, 0] 	6 	0
main	92 	2 	 T1 	 0.0 	8 	S 	S 	1.0 	0.0 	[1, 0] 	6 	0
main	93 	2 	 T1 	 0.0 	14 	P 	P 	1.0 	0.0 	[1, 0] 	6 	0
main	94 	2 	 T1 	 0.0 	14 	H 	H 	1.0 	0.0 	[1, 0] 	10 	0
main	95 	2 	 T1 	 0.0 	6 	Z 	Z 	1.0 	0.0 	[-1, 0] 	2 	0
main	96 	2 	 T1 	 0.0 	10 	E 	E 	1.0 	0.0 	[-1, 0] 	6 	0
main	97 	2 	 T1 	 0.0 	8 	N 	Z 	0.0 	1.0 	[1, 0] 	10 	0
main	98 	2 	 T1 	 0.0 	12 	G 	G 	1.0 	0.0 	[-1, 0] 	10 	0
main	99 	2 	 T1 	 0.0 	12 	T 	T 	1.0 	0.0 	[1, 0] 	6 	0
main	100 	2 	 T1 	 0.0 	6 	M 	M 	1.0 	0.0 	[1, 0] 	6 	0
main	101 	2 	 T1 	 0.0 	14 	I 	I 	1.0 	0.0 	[-1, 0] 	10 	0
main	102 	2 	 T1 	 0.0 	6 	D 	D 	1.0 	0.0 	[-1, 0] 	10 	0
main	103 	2 	 T1 	 0.0 	8 	V 	V 	1.0 	0.0 	[-1, 0] 	10 	0
main	104 	2 	 T1 	 0.0 	8 	I 	I 	1.0 	0.0 	[-1, 0] 	2 	0
main	105 	2 	 T1 	 0.0 	14 	N 	N 	1.0 	0.0 	[-1, 0] 	2 	0
main	106 	2 	 T1 	 0.0 	12 	A 	A 	1.0 	0.0 	[1, 0] 	2 	0
main	107 	2 	 T1 	 0.0 	12 	U 	U 	1.0 	0.0 	[1, 0] 	10 	0
main	108 	2 	 T1 	 0.0 	10 	V 	V 	1.0 	0.0 	[-1, 0] 	2 	0
main	109 	2 	 T1 	 0.0 	6 	C 	C 	1.0 	0.0 	[-1, 0] 	6 	0
main	110 	2 	 T1 	 0.0 	6 	N 	S 	0.0 	-1.0 	[1, 0] 	10 	0
main	111 	2 	 T1 	 0.0 	12 	E 	E 	1.0 	0.0 	[-1, 0] 	2 	0
main	112 	2 	 T1 	 0.0 	10 	J 	J 	1.0 	0.0 	[1, 0] 	2 	0
main	113 	2 	 T1 	 0.0 	8 	Y 	Y 	1.0 	0.0 	[-1, 0] 	6 	0
main	114 	2 	 T1 	 0.0 	14 	W 	W 	1.0 	0.0 	[-1, 0] 	6 	0
main	115 	2 	 T1 	 0.0 	8 	I 	G 	0.0 	-1.0 	[1, 0] 	2 	0
main	116 	2 	 T1 	 0.0 	14 	D 	D 	1.0 	0.0 	[1, 0] 	2 	0
main	117 	2 	 T1 	 0.0 	6 	F 	F 	1.0 	0.0 	[1, 0] 	2 	0
main	118 	2 	 T1 	 0.0 	10 	J 	J 	1.0 	0.0 	[1, 0] 	6 	0
main	119 	2 	 T1 	 0.0 	10 	L 	X 	0.0 	1.0 	[-1, 0] 	10 	0
main	120 	2 	 T1 	 0.0 	14 	D 	D 	1.0 	0.0 	[-1, 0] 	2 	0
main	121 	2 	 T1 	 0.0 	6 	R 	R 	1.0 	0.0 	[-1, 0] 	6 	0
main	122 	2 	 T1 	 0.0 	12 	I 	I 	1.0 	0.0 	[1, 0] 	10 	0
main	123 	2 	 T1 	 0.0 	8 	Q 	Q 	1.0 	0.0 	[-1, 0] 	2 	0
main	124 	2 	 T1 	 0.0 	8 	N 	N 	1.0 	0.0 	[1, 0] 	6 	0
main	125 	2 	 T1 	 0.0 	12 	G 	G 	1.0 	0.0 	[-1, 0] 	2 	0
main	126 	2 	 T1 	 0.0 	10 	W 	W 	1.0 	0.0 	[1, 0] 	2 	0
main	127 	2 	 T1 	 0.0 	12 	T 	T 	1.0 	0.0 	[-1, 0] 	6 	0
main	128 	2 	 T1 	 0.0 	14 	A 	A 	1.0 	0.0 	[-1, 0] 	10 	0
main	129 	2 	 T1 	 0.0 	14 	A 	A 	1.0 	0.0 	[1, 0] 	2 	0
main	130 	2 	 T1 	 0.0 	10 	B 	B 	1.0 	0.0 	[-1, 0] 	6 	0
main	131 	2 	 T1 	 0.0 	6 	U 	U 	1.0 	0.0 	[1, 0] 	2 	0
main	132 	2 	 T1 	 0.0 	14 	W 	W 	1.0 	0.0 	[-1, 0] 	6 	0
main	133 	2 	 T1 	 0.0 	8 	Z 	Z 	1.0 	0.0 	[1, 0] 	2 	0
main	134 	2 	 T1 	 0.0 	10 	V 	V 	1.0 	0.0 	[-1, 0] 	2 	0
main	135 	2 	 T1 	 0.0 	12 	N 	N 	1.0 	0.0 	[1, 0] 	6 	0
main	136 	2 	 T1 	 0.0 	6 	K 	R 	0.0 	-1.0 	[1, 0] 	6 	0
main	137 	2 	 T1 	 0.0 	10 	N 	N 	1.0 	0.0 	[1, 0] 	10 	0
main	138 	2 	 T1 	 0.0 	10 	G 	G 	1.0 	0.0 	[-1, 0] 	10 	0
main	139 	2 	 T1 	 0.0 	12 	T 	O 	0.0 	-1.0 	[-1, 0] 	10 	0
main	140 	2 	 T1 	 0.0 	8 	D 	D 	1.0 	0.0 	[1, 0] 	10 	0
main	141 	2 	 T1 	 0.0 	6 	U 	U 	1.0 	0.0 	[-1, 0] 	2 	0
main	142 	2 	 T1 	 0.0 	6 	C 	C 	1.0 	0.0 	[-1, 0] 	10 	0
main	143 	2 	 T1 	 0.0 	14 	C 	H 	0.0 	-2.0 	[1, 0] 	6 	0
main	144 	2 	 T1 	 0.0 	10 	B 	B 	1.0 	0.0 	[1, 0] 	6 	0
main	145 	2 	 T1 	 0.0 	12 	E 	E 	1.0 	0.0 	[1, 0] 	2 	0
main	146 	2 	 T1 	 0.0 	8 	N 	N 	1.0 	0.0 	[-1, 0] 	10 	0
main	147 	2 	 T1 	 0.0 	8 	Q 	Q 	1.0 	0.0 	[-1, 0] 	6 	0
main	148 	2 	 T1 	 0.0 	6 	A 	A 	1.0 	0.0 	[1, 0] 	10 	0
main	149 	2 	 T1 	 0.0 	14 	O 	X 	0.0 	-1.0 	[1, 0] 	10 	0
main	150 	2 	 T1 	 0.0 	8 	A 	A 	1.0 	0.0 	[1, 0] 	2 	0
main	151 	2 	 T1 	 0.0 	6 	R 	R 	1.0 	0.0 	[-1, 0] 	2 	0
main	152 	2 	 T1 	 0.0 	12 	Y 	H 	0.0 	-1.0 	[1, 0] 	10 	0
main	153 	2 	 T1 	 0.0 	8 	U 	U 	1.0 	0.0 	[-1, 0] 	6 	0
main	154 	2 	 T1 	 0.0 	14 	A 	A 	1.0 	0.0 	[1, 0] 	6 	0
main	155 	2 	 T1 	 0.0 	14 	C 	U 	0.0 	-1.0 	[-1, 0] 	10 	0
main	156 	2 	 T1 	 0.0 	6 	N 	N 	1.0 	0.0 	[-1, 0] 	6 	0
main	157 	2 	 T1 	 0.0 	8 	L 	K 	0.0 	1.0 	[-1, 0] 	10 	0
main	158 	2 	 T1 	 0.0 	10 	J 	J 	1.0 	0.0 	[1, 0] 	10 	0
main	159 	2 	 T1 	 0.0 	8 	C 	C 	1.0 	0.0 	[1, 0] 	6 	0
main	160 	2 	 T1 	 0.0 	12 	Q 	Q 	1.0 	0.0 	[-1, 0] 	2 	0
main	161 	2 	 T1 	 0.0 	6 	V 	V 	1.0 	0.0 	[1, 0] 	6 	0
main	162 	2 	 T1 	 0.0 	10 	P 	P 	1.0 	0.0 	[1, 0] 	2 	0
main	163 	2 	 T1 	 0.0 	14 	R 	R 	1.0 	0.0 	[-1, 0] 	6 	1
main	164 	2 	 T1 	 0.0 	12 	R 	R 	1.0 	0.0 	[1, 0] 	2 	0
main	165 	2 	 T1 	 0.0 	6 	L 	L 	1.0 	0.0 	[1, 0] 	2 	0
main	166 	2 	 T1 	 0.0 	12 	Z 	D 	0.0 	3.0 	[-1, 0] 	10 	0
main	167 	2 	 T1 	 0.0 	8 	P 	M 	0.0 	-1.0 	[1, 0] 	10 	0
main	168 	2 	 T1 	 0.0 	6 	K 	K 	1.0 	0.0 	[1, 0] 	10 	0
main	169 	2 	 T1 	 0.0 	10 	C 	I 	0.0 	-1.0 	[1, 0] 	6 	0
main	170 	2 	 T1 	 0.0 	12 	X 	X 	1.0 	0.0 	[1, 0] 	6 	0
main	171 	2 	 T1 	 0.0 	14 	M 	M 	1.0 	0.0 	[-1, 0] 	2 	0
main	172 	2 	 T1 	 0.0 	12 	S 	S 	1.0 	0.0 	[-1, 0] 	6 	0
main	173 	2 	 T1 	 0.0 	10 	D 	D 	1.0 	0.0 	[-1, 0] 	2 	0
main	174 	2 	 T1 	 0.0 	10 	Q 	Q 	1.0 	0.0 	[-1, 0] 	10 	0
main	175 	2 	 T1 	 0.0 	10 	Y 	F 	0.0 	2.0 	[-1, 0] 	6 	0
main	176 	2 	 T1 	 0.0 	14 	E 	E 	1.0 	0.0 	[1, 0] 	2 	0
main	177 	2 	 T1 	 0.0 	14 	T 	Y 	0.0 	1.0 	[1, 0] 	10 	0
main	178 	2 	 T1 	 0.0 	8 	E 	E 	1.0 	0.0 	[-1, 0] 	2 	0
main	179 	2 	 T1 	 0.0 	6 	W 	W 	1.0 	0.0 	[-1, 0] 	10 	0
main	180 	2 	 T1 	 0.0 	12 	P 	A 	0.0 	-1.0 	[1, 0] 	10 	0
main	181 	2 	 T1 	 0.0 	12 	J 	J 	1.0 	0.0 	[-1, 0] 	6 	0
main	182 	2 	 T1 	 0.0 	14 	K 	U 	0.0 	-1.0 	[-1, 0] 	10 	0
main	183 	2 	 T1 	 0.0 	10 	K 	K 	1.0 	0.0 	[-1, 0] 	2 	0
main	184 	2 	 T1 	 0.0 	8 	Z 	J 	0.0 	1.0 	[1, 0] 	6 	0
main	185 	2 	 T1 	 0.0 	6 	I 	I 	1.0 	0.0 	[1, 0] 	10 	0
main	186 	2 	 T1 	 0.0 	6 	V 	R 	0.0 	-1.0 	[-1, 0] 	6 	0
main	187 	2 	 T1 	 0.0 	10 	F 	P 	0.0 	-1.0 	[1, 0] 	2 	0
main	188 	2 	 T1 	 0.0 	10 	S 	L 	0.0 	-1.0 	[1, 0] 	6 	0
main	189 	2 	 T1 	 0.0 	8 	J 	J 	1.0 	0.0 	[-1, 0] 	2 	0
main	190 	2 	 T1 	 0.0 	6 	N 	N 	1.0 	0.0 	[1, 0] 	2 	0
main	191 	2 	 T1 	 0.0 	14 	E 	E 	1.0 	0.0 	[-1, 0] 	2 	0
main	192 	2 	 T1 	 0.0 	6 	Q 	Q 	1.0 	0.0 	[-1, 0] 	2 	0
main	193 	2 	 T1 	 0.0 	14 	V 	V 	1.0 	0.0 	[-1, 0] 	6 	0
main	194 	2 	 T1 	 0.0 	8 	W 	W 	1.0 	0.0 	[1, 0] 	10 	0
main	195 	2 	 T1 	 0.0 	14 	Z 	Z 	1.0 	0.0 	[1, 0] 	10 	0
main	196 	2 	 T1 	 0.0 	10 	W 	W 	1.0 	0.0 	[-1, 0] 	6 	0
main	197 	2 	 T1 	 0.0 	10 	Z 	Z 	1.0 	0.0 	[1, 0] 	10 	0
main	198 	2 	 T1 	 0.0 	12 	L 	L 	1.0 	0.0 	[-1, 0] 	10 	0
main	199 	2 	 T1 	 0.0 	6 	S 	S 	1.0 	0.0 	[-1, 0] 	10 	0
main	200 	2 	 T1 	 0.0 	8 	F 	T 	0.0 	-1.0 	[-1, 0] 	6 	0
main	201 	2 	 T1 	 0.0 	14 	Q 	W 	0.0 	-1.0 	[1, 0] 	2 	0
main	202 	2 	 T1 	 0.0 	12 	F 	F 	1.0 	0.0 	[-1, 0] 	2 	0
main	203 	2 	 T1 	 0.0 	8 	A 	A 	1.0 	0.0 	[-1, 0] 	10 	0
main	204 	2 	 T1 	 0.0 	6 	L 	L 	1.0 	0.0 	[1, 0] 	6 	0
main	205 	2 	 T1 	 0.0 	14 	T 	T 	1.0 	0.0 	[1, 0] 	6 	0
main	206 	2 	 T1 	 0.0 	12 	D 	M 	0.0 	1.0 	[1, 0] 	6 	0
main	207 	2 	 T1 	 0.0 	12 	B 	B 	1.0 	0.0 	[1, 0] 	2 	0
main	208 	2 	 T1 	 0.0 	10 	G 	G 	1.0 	0.0 	[-1, 0] 	10 	0
main	209 	2 	 T1 	 0.0 	8 	I 	I 	1.0 	0.0 	[1, 0] 	2 	0
main	210 	2 	 T1 	 0.0 	10 	S 	S 	1.0 	0.0 	[-1, 0] 	10 	0
main	211 	2 	 T1 	 0.0 	8 	E 	E 	1.0 	0.0 	[1, 0] 	10 	0
main	212 	2 	 T1 	 0.0 	8 	D 	D 	1.0 	0.0 	[-1, 0] 	6 	0
main	213 	2 	 T1 	 0.0 	6 	W 	W 	1.0 	0.0 	[-1, 0] 	10 	0
main	214 	2 	 T1 	 0.0 	10 	D 	D 	1.0 	0.0 	[1, 0] 	2 	0
main	215 	2 	 T1 	 0.0 	8 	H 	H 	1.0 	0.0 	[-1, 0] 	2 	0
main	216 	2 	 T1 	 0.0 	6 	C 	C 	1.0 	0.0 	[-1, 0] 	2 	0
main	217 	2 	 T1 	 0.0 	14 	H 	H 	1.0 	0.0 	[1, 0] 	6 	0
main	218 	2 	 T1 	 0.0 	14 	N 	S 	0.0 	-1.0 	[-1, 0] 	10 	0
main	219 	2 	 T1 	 0.0 	12 	G 	M 	0.0 	-1.0 	[1, 0] 	6 	0
main	220 	2 	 T1 	 0.0 	12 	Z 	Z 	1.0 	0.0 	[1, 0] 	10 	0
main	221 	2 	 T1 	 0.0 	8 	Y 	Y 	1.0 	0.0 	[1, 0] 	6 	0
main	222 	2 	 T1 	 0.0 	6 	R 	R 	1.0 	0.0 	[1, 0] 	2 	0
main	223 	2 	 T1 	 0.0 	10 	Z 	Z 	1.0 	0.0 	[-1, 0] 	6 	0
main	224 	2 	 T1 	 0.0 	6 	S 	A 	0.0 	1.0 	[-1, 0] 	6 	0
main	225 	2 	 T1 	 0.0 	14 	A 	A 	1.0 	0.0 	[-1, 0] 	2 	0
main	226 	2 	 T1 	 0.0 	10 	N 	N 	1.0 	0.0 	[1, 0] 	10 	0
main	227 	2 	 T1 	 0.0 	12 	U 	U 	1.0 	0.0 	[1, 0] 	2 	0
main	228 	2 	 T1 	 0.0 	6 	W 	W 	1.0 	0.0 	[1, 0] 	10 	0
main	229 	2 	 T1 	 0.0 	14 	P 	P 	1.0 	0.0 	[1, 0] 	10 	0
main	230 	2 	 T1 	 0.0 	8 	P 	N 	0.0 	1.0 	[-1, 0] 	10 	0
main	231 	2 	 T1 	 0.0 	12 	S 	S 	1.0 	0.0 	[-1, 0] 	2 	0
main	232 	2 	 T1 	 0.0 	14 	J 	K 	0.0 	2.0 	[1, 0] 	2 	0
main	233 	2 	 T1 	 0.0 	14 	B 	B 	1.0 	0.0 	[-1, 0] 	6 	0
main	234 	2 	 T1 	 0.0 	10 	B 	B 	1.0 	0.0 	[1, 0] 	6 	0
main	235 	2 	 T1 	 0.0 	12 	F 	P 	0.0 	-1.0 	[-1, 0] 	6 	0
main	236 	2 	 T1 	 0.0 	10 	P 	G 	0.0 	-1.0 	[-1, 0] 	2 	0
main	237 	2 	 T1 	 0.0 	6 	H 	N 	0.0 	2.0 	[1, 0] 	6 	0
main	238 	2 	 T1 	 0.0 	12 	P 	P 	1.0 	0.0 	[-1, 0] 	10 	0
main	239 	2 	 T1 	 0.0 	8 	Z 	Z 	1.0 	0.0 	[1, 0] 	2 	0
main	240 	2 	 T1 	 0.0 	8 	D 	D 	1.0 	0.0 	[-1, 0] 	2 	0
main	241 	2 	 T1 	 0.0 	12 	N 	N 	1.0 	0.0 	[-1, 0] 	2 	0
main	242 	2 	 T1 	 0.0 	8 	D 	D 	1.0 	0.0 	[-1, 0] 	6 	0
main	243 	2 	 T1 	 0.0 	12 	Y 	J 	0.0 	1.0 	[-1, 0] 	6 	0
main	244 	2 	 T1 	 0.0 	14 	R 	R 	1.0 	0.0 	[1, 0] 	2 	0
main	245 	2 	 T1 	 0.0 	12 	G 	G 	1.0 	0.0 	[1, 0] 	2 	0
main	246 	2 	 T1 	 0.0 	12 	T 	T 	1.0 	0.0 	[1, 0] 	6 	0
main	247 	2 	 T1 	 0.0 	10 	H 	H 	1.0 	0.0 	[1, 0] 	2 	0
main	248 	2 	 T1 	 0.0 	6 	N 	E 	0.0 	-1.0 	[1, 0] 	10 	0
main	249 	2 	 T1 	 0.0 	14 	S 	S 	1.0 	0.0 	[-1, 0] 	10 	0
main	250 	2 	 T1 	 0.0 	6 	N 	J 	0.0 	1.0 	[-1, 0] 	6 	0
main	251 	2 	 T1 	 0.0 	14 	Y 	Y 	1.0 	0.0 	[1, 0] 	10 	0
main	252 	2 	 T1 	 0.0 	8 	W 	W 	1.0 	0.0 	[1, 0] 	10 	0
main	253 	2 	 T1 	 0.0 	8 	L 	L 	1.0 	0.0 	[1, 0] 	6 	0
main	254 	2 	 T1 	 0.0 	10 	R 	R 	1.0 	0.0 	[-1, 0] 	6 	0
main	255 	2 	 T1 	 0.0 	6 	W 	W 	1.0 	0.0 	[-1, 0] 	10 	0
main	256 	2 	 T1 	 0.0 	10 	O 	O 	1.0 	0.0 	[-1, 0] 	2 	0
main	257 	2 	 T1 	 0.0 	14 	E 	E 	1.0 	0.0 	[-1, 0] 	6 	0
main	258 	2 	 T1 	 0.0 	8 	P 	P 	1.0 	0.0 	[-1, 0] 	10 	0
main	259 	2 	 T1 	 0.0 	12 	I 	I 	1.0 	0.0 	[-1, 0] 	10 	0
main	260 	2 	 T1 	 0.0 	10 	Y 	Y 	1.0 	0.0 	[1, 0] 	6 	0
main	261 	2 	 T1 	 0.0 	6 	C 	C 	1.0 	0.0 	[-1, 0] 	2 	0
main	262 	2 	 T1 	 0.0 	14 	W 	W 	1.0 	0.0 	[-1, 0] 	2 	0
main	263 	2 	 T1 	 0.0 	10 	J 	J 	1.0 	0.0 	[1, 0] 	10 	0
main	264 	2 	 T1 	 0.0 	6 	I 	I 	1.0 	0.0 	[1, 0] 	6 	0
main	265 	2 	 T1 	 0.0 	14 	W 	W 	1.0 	0.0 	[1, 0] 	6 	0
main	266 	2 	 T1 	 0.0 	8 	Y 	Y 	1.0 	0.0 	[1, 0] 	2 	0
main	267 	2 	 T1 	 0.0 	10 	M 	M 	1.0 	0.0 	[-1, 0] 	10 	0
main	268 	2 	 T1 	 0.0 	6 	P 	P 	1.0 	0.0 	[1, 0] 	2 	0
main	269 	2 	 T1 	 0.0 	12 	R 	R 	1.0 	0.0 	[1, 0] 	10 	0
main	270 	2 	 T1 	 0.0 	10 	H 	H 	1.0 	0.0 	[1, 0] 	2 	0
main	271 	2 	 T1 	 0.0 	10 	X 	X 	1.0 	0.0 	[-1, 0] 	10 	0
main	272 	2 	 T1 	 0.0 	6 	C 	C 	1.0 	0.0 	[-1, 0] 	2 	0
main	273 	2 	 T1 	 0.0 	6 	B 	B 	1.0 	0.0 	[1, 0] 	6 	0
main	274 	2 	 T1 	 0.0 	12 	N 	N 	1.0 	0.0 	[1, 0] 	6 	0
main	275 	2 	 T1 	 0.0 	10 	V 	V 	1.0 	0.0 	[-1, 0] 	6 	0
main	276 	2 	 T1 	 0.0 	12 	L 	L 	1.0 	0.0 	[-1, 0] 	6 	0
main	277 	2 	 T1 	 0.0 	12 	I 	I 	1.0 	0.0 	[-1, 0] 	2 	0
main	278 	2 	 T1 	 0.0 	10 	K 	L 	0.0 	-1.0 	[1, 0] 	10 	0
main	279 	2 	 T1 	 0.0 	10 	G 	G 	1.0 	0.0 	[1, 0] 	6 	0
main	280 	2 	 T1 	 0.0 	12 	I 	I 	1.0 	0.0 	[1, 0] 	2 	0
main	281 	2 	 T1 	 0.0 	14 	M 	M 	1.0 	0.0 	[1, 0] 	6 	0
main	282 	2 	 T1 	 0.0 	12 	G 	G 	1.0 	0.0 	[-1, 0] 	10 	0
main	283 	2 	 T1 	 0.0 	8 	K 	K 	1.0 	0.0 	[1, 0] 	6 	0
main	284 	2 	 T1 	 0.0 	14 	Y 	Y 	1.0 	0.0 	[1, 0] 	2 	0
main	285 	2 	 T1 	 0.0 	6 	Z 	W 	0.0 	-1.0 	[-1, 0] 	6 	0
main	286 	2 	 T1 	 0.0 	8 	R 	M 	0.0 	-1.0 	[-1, 0] 	10 	0
main	287 	2 	 T1 	 0.0 	8 	P 	B 	0.0 	1.0 	[-1, 0] 	6 	0
main	288 	2 	 T1 	 0.0 	8 	F 	B 	0.0 	1.0 	[-1, 0] 	2 	0
main	289 	2 	 T1 	 0.0 	14 	E 	E 	1.0 	0.0 	[-1, 0] 	6 	0
main	290 	2 	 T1 	 0.0 	8 	H 	H 	1.0 	0.0 	[1, 0] 	10 	0
main	291 	2 	 T1 	 0.0 	8 	W 	W 	1.0 	0.0 	[1, 0] 	2 	0
main	292 	2 	 T1 	 0.0 	6 	B 	B 	1.0 	0.0 	[-1, 0] 	10 	0
main	293 	2 	 T1 	 0.0 	14 	L 	L 	1.0 	0.0 	[1, 0] 	10 	0
main	294 	2 	 T1 	 0.0 	10 	J 	J 	1.0 	0.0 	[-1, 0] 	2 	0
main	295 	2 	 T1 	 0.0 	14 	O 	I 	0.0 	-1.0 	[-1, 0] 	2 	0
main	296 	2 	 T1 	 0.0 	6 	D 	D 	1.0 	0.0 	[1, 0] 	10 	0
main	297 	2 	 T1 	 0.0 	6 	O 	O 	1.0 	0.0 	[1, 0] 	2 	0
main	298 	2 	 T1 	 0.0 	12 	X 	H 	0.0 	1.0 	[1, 0] 	10 	0
main	299 	2 	 T1 	 0.0 	14 	W 	A 	0.0 	-1.0 	[-1, 0] 	10 	0
main	300 	2 	 T1 	 0.0 	6 	I 	I 	1.0 	0.0 	[-1, 0] 	2 	0
main	301 	2 	 T1 	 0.0 	6 	O 	U 	0.0 	1.0 	[1, 0] 	10 	0
main	302 	2 	 T1 	 0.0 	8 	V 	V 	1.0 	0.0 	[1, 0] 	2 	0
main	303 	2 	 T1 	 0.0 	14 	E 	E 	1.0 	0.0 	[-1, 0] 	2 	0
main	304 	2 	 T1 	 0.0 	12 	C 	T 	0.0 	-1.0 	[1, 0] 	10 	0
main	305 	2 	 T1 	 0.0 	6 	L 	I 	0.0 	-2.0 	[-1, 0] 	6 	0
main	306 	2 	 T1 	 0.0 	14 	V 	D 	0.0 	-1.0 	[-1, 0] 	10 	0
main	307 	2 	 T1 	 0.0 	12 	D 	D 	1.0 	0.0 	[1, 0] 	6 	0
main	308 	2 	 T1 	 0.0 	14 	I 	S 	0.0 	1.0 	[1, 0] 	6 	0
main	309 	2 	 T1 	 0.0 	12 	U 	U 	1.0 	0.0 	[-1, 0] 	2 	0
main	310 	2 	 T1 	 0.0 	8 	W 	W 	1.0 	0.0 	[-1, 0] 	2 	0
main	311 	2 	 T1 	 0.0 	8 	C 	V 	0.0 	1.0 	[-1, 0] 	10 	0
main	312 	2 	 T1 	 0.0 	6 	Y 	Y 	1.0 	0.0 	[-1, 0] 	10 	0
main	313 	2 	 T1 	 0.0 	10 	Z 	Z 	1.0 	0.0 	[-1, 0] 	6 	0
main	314 	2 	 T1 	 0.0 	6 	B 	B 	1.0 	0.0 	[1, 0] 	6 	0
main	315 	2 	 T1 	 0.0 	8 	J 	J 	1.0 	0.0 	[-1, 0] 	6 	1
main	316 	2 	 T1 	 0.0 	10 	P 	P 	1.0 	0.0 	[1, 0] 	2 	0
main	317 	2 	 T1 	 0.0 	10 	G 	G 	1.0 	0.0 	[-1, 0] 	10 	0
main	318 	2 	 T1 	 0.0 	8 	P 	P 	1.0 	0.0 	[1, 0] 	6 	0
main	319 	2 	 T1 	 0.0 	6 	Z 	Z 	1.0 	0.0 	[1, 0] 	2 	0
main	320 	2 	 T1 	 0.0 	14 	C 	J 	0.0 	1.0 	[-1, 0] 	6 	0
main	321 	2 	 T1 	 0.0 	10 	Z 	Z 	1.0 	0.0 	[-1, 0] 	2 	0
main	322 	2 	 T1 	 0.0 	14 	W 	W 	1.0 	0.0 	[1, 0] 	10 	0
main	323 	2 	 T1 	 0.0 	12 	X 	X 	1.0 	0.0 	[-1, 0] 	10 	0
main	324 	2 	 T1 	 0.0 	10 	T 	T 	1.0 	0.0 	[1, 0] 	10 	0
main	325 	2 	 T1 	 0.0 	10 	W 	W 	1.0 	0.0 	[1, 0] 	6 	0
main	326 	2 	 T1 	 0.0 	12 	I 	I 	1.0 	0.0 	[1, 0] 	2 	0
main	327 	2 	 T1 	 0.0 	8 	H 	H 	1.0 	0.0 	[1, 0] 	10 	0
main	328 	2 	 T1 	 0.0 	12 	V 	V 	1.0 	0.0 	[-1, 0] 	6 	0
main	329 	2 	 T1 	 0.0 	14 	P 	P 	1.0 	0.0 	[1, 0] 	2 	0
main	330 	2 	 T1 	 0.0 	14 	A 	A 	1.0 	0.0 	[-1, 0] 	6 	0
main	331 	2 	 T1 	 0.0 	14 	K 	H 	0.0 	3.0 	[1, 0] 	10 	0
main	332 	2 	 T1 	 0.0 	8 	A 	A 	1.0 	0.0 	[-1, 0] 	10 	0
main	333 	2 	 T1 	 0.0 	12 	S 	S 	1.0 	0.0 	[-1, 0] 	10 	0
main	334 	2 	 T1 	 0.0 	8 	Q 	U 	0.0 	-1.0 	[1, 0] 	6 	0
main	335 	2 	 T1 	 0.0 	6 	E 	E 	1.0 	0.0 	[1, 0] 	2 	0
main	336 	2 	 T1 	 0.0 	6 	M 	M 	1.0 	0.0 	[-1, 0] 	6 	0
main	337 	2 	 T1 	 0.0 	6 	M 	M 	1.0 	0.0 	[1, 0] 	10 	0
main	338 	2 	 T1 	 0.0 	8 	Z 	H 	0.0 	-1.0 	[1, 0] 	10 	0
main	339 	2 	 T1 	 0.0 	14 	J 	J 	1.0 	0.0 	[1, 0] 	6 	0
main	340 	2 	 T1 	 0.0 	8 	P 	P 	1.0 	0.0 	[1, 0] 	2 	0
main	341 	2 	 T1 	 0.0 	10 	D 	D 	1.0 	0.0 	[-1, 0] 	10 	0
main	342 	2 	 T1 	 0.0 	6 	F 	T 	0.0 	-1.0 	[1, 0] 	6 	0
main	343 	2 	 T1 	 0.0 	12 	U 	U 	1.0 	0.0 	[-1, 0] 	6 	0
main	344 	2 	 T1 	 0.0 	10 	B 	B 	1.0 	0.0 	[-1, 0] 	6 	0
main	345 	2 	 T1 	 0.0 	12 	V 	V 	1.0 	0.0 	[-1, 0] 	2 	0
main	346 	2 	 T1 	 0.0 	10 	O 	O 	1.0 	0.0 	[-1, 0] 	2 	0
main	347 	2 	 T1 	 0.0 	14 	Z 	Z 	1.0 	0.0 	[-1, 0] 	10 	0
main	348 	2 	 T1 	 0.0 	10 	U 	U 	1.0 	0.0 	[1, 0] 	6 	0
main	349 	2 	 T1 	 0.0 	10 	K 	W 	0.0 	-1.0 	[1, 0] 	10 	0
main	350 	2 	 T1 	 0.0 	10 	I 	I 	1.0 	0.0 	[1, 0] 	2 	0
main	351 	2 	 T1 	 0.0 	14 	E 	E 	1.0 	0.0 	[-1, 0] 	2 	0
main	352 	2 	 T1 	 0.0 	14 	S 	S 	1.0 	0.0 	[1, 0] 	2 	0
main	353 	2 	 T1 	 0.0 	12 	G 	M 	0.0 	-1.0 	[1, 0] 	6 	0
main	354 	2 	 T1 	 0.0 	6 	J 	J 	1.0 	0.0 	[-1, 0] 	2 	0
main	355 	2 	 T1 	 0.0 	6 	W 	J 	0.0 	-1.0 	[-1, 0] 	10 	0
main	356 	2 	 T1 	 0.0 	12 	F 	D 	0.0 	-1.0 	[1, 0] 	2 	0
main	357 	2 	 T1 	 0.0 	8 	H 	H 	1.0 	0.0 	[-1, 0] 	6 	0
main	358 	2 	 T1 	 0.0 	8 	I 	I 	1.0 	0.0 	[-1, 0] 	2 	0
main	359 	2 	 T1 	 0.0 	12 	O 	T 	0.0 	-1.0 	[1, 0] 	10 	0
main	360 	2 	 T1 	 0.0 	10 	A 	A 	1.0 	0.0 	[-1, 0] 	10 	0
main	361 	2 	 T1 	 0.0 	6 	T 	T 	1.0 	0.0 	[-1, 0] 	2 	0
main	362 	2 	 T1 	 0.0 	14 	Z 	Z 	1.0 	0.0 	[1, 0] 	6 	0
main	363 	2 	 T1 	 0.0 	6 	C 	P 	0.0 	1.0 	[1, 0] 	6 	0
main	364 	2 	 T1 	 0.0 	14 	O 	Q 	0.0 	-1.0 	[-1, 0] 	10 	0
main	365 	2 	 T1 	 0.0 	8 	A 	A 	1.0 	0.0 	[-1, 0] 	6 	0
main	366 	2 	 T1 	 0.0 	8 	F 	Y 	0.0 	-1.0 	[-1, 0] 	10 	0
main	367 	2 	 T1 	 0.0 	10 	W 	W 	1.0 	0.0 	[1, 0] 	10 	0
main	368 	2 	 T1 	 0.0 	14 	U 	U 	1.0 	0.0 	[1, 0] 	2 	0
main	369 	2 	 T1 	 0.0 	12 	V 	V 	1.0 	0.0 	[1, 0] 	6 	0
main	370 	2 	 T1 	 0.0 	6 	Q 	I 	0.0 	-2.0 	[1, 0] 	10 	0
main	371 	2 	 T1 	 0.0 	14 	F 	J 	0.0 	-1.0 	[-1, 0] 	6 	0
main	372 	2 	 T1 	 0.0 	12 	O 	O 	1.0 	0.0 	[1, 0] 	2 	0
main	373 	2 	 T1 	 0.0 	10 	X 	X 	1.0 	0.0 	[-1, 0] 	2 	0
main	374 	2 	 T1 	 0.0 	6 	M 	M 	1.0 	0.0 	[-1, 0] 	6 	0
main	375 	2 	 T1 	 0.0 	10 	H 	B 	0.0 	-2.0 	[1, 0] 	6 	0
main	376 	2 	 T1 	 0.0 	8 	H 	N 	0.0 	1.0 	[1, 0] 	10 	0
main	377 	2 	 T1 	 0.0 	10 	U 	U 	1.0 	0.0 	[1, 0] 	2 	0
main	378 	2 	 T1 	 0.0 	10 	U 	S 	0.0 	-1.0 	[-1, 0] 	6 	0
main	379 	2 	 T1 	 0.0 	12 	F 	B 	0.0 	1.0 	[-1, 0] 	2 	0
main	380 	2 	 T1 	 0.0 	6 	W 	W 	1.0 	0.0 	[1, 0] 	2 	0
main	381 	2 	 T1 	 0.0 	12 	A 	A 	1.0 	0.0 	[-1, 0] 	6 	0
main	382 	2 	 T1 	 0.0 	8 	S 	S 	1.0 	0.0 	[1, 0] 	2 	0
main	383 	2 	 T1 	 0.0 	14 	M 	M 	1.0 	0.0 	[-1, 0] 	2 	0
main	384 	2 	 T1 	 0.0 	8 	Y 	Y 	1.0 	0.0 	[1, 0] 	6 	0
main	385 	2 	 T1 	 0.0 	14 	W 	W 	1.0 	0.0 	[1, 0] 	10 	0
main	386 	2 	 T1 	 0.0 	6 	G 	Z 	0.0 	1.0 	[-1, 0] 	10 	0
main	387 	2 	 T1 	 0.0 	12 	X 	X 	1.0 	0.0 	[-1, 0] 	10 	0
main	388 	2 	 T1 	 0.0 	12 	J 	J 	1.0 	0.0 	[1, 0] 	10 	0
main	389 	2 	 T1 	 0.0 	8 	Y 	Y 	1.0 	0.0 	[-1, 0] 	2 	0
main	390 	2 	 T1 	 0.0 	6 	O 	O 	1.0 	0.0 	[1, 0] 	2 	0
main	391 	2 	 T1 	 0.0 	10 	W 	W 	1.0 	0.0 	[-1, 0] 	10 	0
main	392 	2 	 T1 	 0.0 	8 	J 	J 	1.0 	0.0 	[1, 0] 	6 	0
main	393 	2 	 T1 	 0.0 	10 	I 	I 	1.0 	0.0 	[1, 0] 	6 	0
main	394 	2 	 T1 	 0.0 	12 	L 	K 	0.0 	1.0 	[1, 0] 	6 	0
main	395 	2 	 T1 	 0.0 	12 	R 	R 	1.0 	0.0 	[-1, 0] 	10 	0
main	396 	2 	 T1 	 0.0 	14 	V 	N 	0.0 	-1.0 	[-1, 0] 	10 	0
main	397 	2 	 T1 	 0.0 	10 	M 	M 	1.0 	0.0 	[1, 0] 	10 	0
main	398 	2 	 T1 	 0.0 	8 	W 	W 	1.0 	0.0 	[1, 0] 	2 	0
main	399 	2 	 T1 	 0.0 	14 	D 	I 	0.0 	-1.0 	[1, 0] 	10 	0
main	400 	2 	 T1 	 0.0 	12 	V 	M 	0.0 	-1.0 	[1, 0] 	10 	0
main	401 	2 	 T1 	 0.0 	12 	E 	E 	1.0 	0.0 	[-1, 0] 	2 	0
main	402 	2 	 T1 	 0.0 	10 	W 	H 	0.0 	-1.0 	[-1, 0] 	6 	0
main	403 	2 	 T1 	 0.0 	14 	J 	J 	1.0 	0.0 	[-1, 0] 	6 	0
main	404 	2 	 T1 	 0.0 	6 	T 	T 	1.0 	0.0 	[1, 0] 	6 	0
main	405 	2 	 T1 	 0.0 	14 	O 	Z 	0.0 	3.0 	[1, 0] 	2 	0
main	406 	2 	 T1 	 0.0 	8 	P 	X 	0.0 	-1.0 	[-1, 0] 	10 	0
main	407 	2 	 T1 	 0.0 	6 	X 	X 	1.0 	0.0 	[-1, 0] 	6 	0
main	408 	2 	 T1 	 0.0 	6 	E 	E 	1.0 	0.0 	[1, 0] 	10 	0
main	409 	2 	 T1 	 0.0 	6 	L 	A 	0.0 	-2.0 	[-1, 0] 	10 	0
main	410 	2 	 T1 	 0.0 	12 	P 	P 	1.0 	0.0 	[1, 0] 	2 	0
main	411 	2 	 T1 	 0.0 	14 	G 	G 	1.0 	0.0 	[-1, 0] 	2 	0
main	412 	2 	 T1 	 0.0 	10 	F 	F 	1.0 	0.0 	[1, 0] 	2 	0
main	413 	2 	 T1 	 0.0 	8 	P 	P 	1.0 	0.0 	[-1, 0] 	2 	0
main	414 	2 	 T1 	 0.0 	8 	W 	W 	1.0 	0.0 	[1, 0] 	10 	0
main	415 	2 	 T1 	 0.0 	14 	C 	N 	0.0 	-1.0 	[1, 0] 	6 	0
main	416 	2 	 T1 	 0.0 	12 	I 	A 	0.0 	-1.0 	[-1, 0] 	6 	0
main	417 	2 	 T1 	 0.0 	8 	T 	T 	1.0 	0.0 	[-1, 0] 	6 	0
main	418 	2 	 T1 	 0.0 	6 	L 	N 	0.0 	1.0 	[-1, 0] 	2 	0
main	419 	2 	 T1 	 0.0 	10 	M 	M 	1.0 	0.0 	[-1, 0] 	2 	0
