experimentPhase	trialnum	subject	task	noisePercent	answerPos0	answer0	response0	correct0	responsePosRelative0	cueSpatialPos1	cueEccentricity1	timingBlips
main	0 	7 	 T1 	 0.0 	12 	Y 	T 	0.0 	1.0 	[1, 0] 	10 	0
main	1 	7 	 T1 	 0.0 	10 	A 	G 	0.0 	1.0 	[-1, 0] 	6 	0
main	2 	7 	 T1 	 0.0 	12 	R 	R 	1.0 	0.0 	[1, 0] 	2 	0
main	3 	7 	 T1 	 0.0 	8 	C 	P 	0.0 	1.0 	[1, 0] 	2 	0
main	4 	7 	 T1 	 0.0 	10 	B 	C 	0.0 	-1.0 	[-1, 0] 	10 	0
main	5 	7 	 T1 	 0.0 	10 	E 	N 	0.0 	1.0 	[-1, 0] 	2 	0
main	6 	7 	 T1 	 0.0 	14 	N 	P 	0.0 	-1.0 	[-1, 0] 	6 	0
main	7 	7 	 T1 	 0.0 	6 	S 	F 	0.0 	1.0 	[-1, 0] 	10 	0
main	8 	7 	 T1 	 0.0 	8 	Q 	R 	0.0 	15.0 	[-1, 0] 	10 	0
main	9 	7 	 T1 	 0.0 	12 	A 	A 	1.0 	0.0 	[-1, 0] 	10 	0
main	10 	7 	 T1 	 0.0 	14 	F 	F 	1.0 	0.0 	[1, 0] 	6 	0
main	11 	7 	 T1 	 0.0 	10 	Y 	Y 	1.0 	0.0 	[1, 0] 	6 	0
main	12 	7 	 T1 	 0.0 	8 	W 	W 	1.0 	0.0 	[-1, 0] 	2 	0
main	13 	7 	 T1 	 0.0 	14 	B 	H 	0.0 	-2.0 	[-1, 0] 	10 	0
main	14 	7 	 T1 	 0.0 	8 	F 	A 	0.0 	2.0 	[1, 0] 	10 	0
main	15 	7 	 T1 	 0.0 	12 	W 	W 	1.0 	0.0 	[1, 0] 	6 	0
main	16 	7 	 T1 	 0.0 	14 	J 	J 	1.0 	0.0 	[-1, 0] 	2 	1
main	17 	7 	 T1 	 0.0 	10 	V 	N 	0.0 	1.0 	[1, 0] 	2 	0
main	18 	7 	 T1 	 0.0 	14 	Y 	P 	0.0 	1.0 	[1, 0] 	2 	0
main	19 	7 	 T1 	 0.0 	6 	T 	T 	1.0 	0.0 	[1, 0] 	6 	0
main	20 	7 	 T1 	 0.0 	12 	X 	V 	0.0 	1.0 	[-1, 0] 	2 	0
main	21 	7 	 T1 	 0.0 	12 	J 	J 	1.0 	0.0 	[-1, 0] 	6 	0
main	22 	7 	 T1 	 0.0 	6 	T 	T 	1.0 	0.0 	[1, 0] 	2 	0
main	23 	7 	 T1 	 0.0 	6 	Y 	Y 	1.0 	0.0 	[-1, 0] 	2 	0
main	24 	7 	 T1 	 0.0 	8 	R 	M 	0.0 	-1.0 	[-1, 0] 	6 	0
main	25 	7 	 T1 	 0.0 	10 	M 	M 	1.0 	0.0 	[1, 0] 	10 	0
main	26 	7 	 T1 	 0.0 	14 	J 	J 	1.0 	0.0 	[1, 0] 	10 	0
main	27 	7 	 T1 	 0.0 	8 	L 	V 	0.0 	-3.0 	[1, 0] 	6 	0
main	28 	7 	 T1 	 0.0 	6 	H 	H 	1.0 	0.0 	[-1, 0] 	6 	0
main	29 	7 	 T1 	 0.0 	6 	R 	J 	0.0 	1.0 	[1, 0] 	10 	0
main	30 	7 	 T1 	 0.0 	10 	K 	R 	0.0 	10.0 	[1, 0] 	2 	0
main	31 	7 	 T1 	 0.0 	12 	P 	P 	1.0 	0.0 	[-1, 0] 	2 	0
main	32 	7 	 T1 	 0.0 	8 	D 	D 	1.0 	0.0 	[1, 0] 	10 	0
main	33 	7 	 T1 	 0.0 	12 	A 	A 	1.0 	0.0 	[-1, 0] 	6 	0
main	34 	7 	 T1 	 0.0 	10 	F 	F 	1.0 	0.0 	[1, 0] 	10 	0
main	35 	7 	 T1 	 0.0 	12 	Z 	J 	0.0 	3.0 	[-1, 0] 	10 	0
main	36 	7 	 T1 	 0.0 	14 	E 	E 	1.0 	0.0 	[1, 0] 	2 	0
main	37 	7 	 T1 	 0.0 	14 	N 	N 	1.0 	0.0 	[-1, 0] 	2 	0
main	38 	7 	 T1 	 0.0 	6 	Q 	H 	0.0 	1.0 	[-1, 0] 	6 	0
main	39 	7 	 T1 	 0.0 	6 	Z 	H 	0.0 	-1.0 	[1, 0] 	6 	0
main	40 	7 	 T1 	 0.0 	8 	Q 	D 	0.0 	12.0 	[-1, 0] 	2 	0
main	41 	7 	 T1 	 0.0 	8 	Y 	Y 	1.0 	0.0 	[1, 0] 	6 	0
main	42 	7 	 T1 	 0.0 	12 	D 	D 	1.0 	0.0 	[1, 0] 	10 	0
main	43 	7 	 T1 	 0.0 	14 	X 	G 	0.0 	4.0 	[1, 0] 	10 	0
main	44 	7 	 T1 	 0.0 	8 	H 	H 	1.0 	0.0 	[-1, 0] 	10 	0
main	45 	7 	 T1 	 0.0 	8 	C 	V 	0.0 	-1.0 	[1, 0] 	2 	0
main	46 	7 	 T1 	 0.0 	12 	R 	R 	1.0 	0.0 	[1, 0] 	6 	0
main	47 	7 	 T1 	 0.0 	14 	W 	W 	1.0 	0.0 	[-1, 0] 	10 	0
main	48 	7 	 T1 	 0.0 	10 	C 	C 	1.0 	0.0 	[1, 0] 	6 	0
main	49 	7 	 T1 	 0.0 	6 	H 	R 	0.0 	1.0 	[-1, 0] 	10 	0
main	50 	7 	 T1 	 0.0 	10 	D 	V 	0.0 	1.0 	[-1, 0] 	2 	0
main	51 	7 	 T1 	 0.0 	10 	J 	L 	0.0 	-1.0 	[-1, 0] 	6 	0
main	52 	7 	 T1 	 0.0 	12 	Z 	E 	0.0 	-1.0 	[1, 0] 	2 	0
main	53 	7 	 T1 	 0.0 	10 	D 	D 	1.0 	0.0 	[-1, 0] 	10 	0
main	54 	7 	 T1 	 0.0 	6 	C 	C 	1.0 	0.0 	[1, 0] 	2 	0
main	55 	7 	 T1 	 0.0 	14 	Y 	Y 	1.0 	0.0 	[-1, 0] 	6 	0
main	56 	7 	 T1 	 0.0 	6 	M 	M 	1.0 	0.0 	[-1, 0] 	2 	0
main	57 	7 	 T1 	 0.0 	14 	H 	M 	0.0 	1.0 	[1, 0] 	6 	0
main	58 	7 	 T1 	 0.0 	6 	F 	F 	1.0 	0.0 	[1, 0] 	10 	0
main	59 	7 	 T1 	 0.0 	8 	Q 	C 	0.0 	-1.0 	[-1, 0] 	6 	0
main	60 	7 	 T1 	 0.0 	12 	J 	J 	1.0 	0.0 	[1, 0] 	6 	0
main	61 	7 	 T1 	 0.0 	12 	P 	L 	0.0 	1.0 	[-1, 0] 	6 	0
main	62 	7 	 T1 	 0.0 	10 	Z 	Z 	1.0 	0.0 	[-1, 0] 	2 	0
main	63 	7 	 T1 	 0.0 	8 	F 	F 	1.0 	0.0 	[1, 0] 	2 	0
main	64 	7 	 T1 	 0.0 	14 	P 	C 	0.0 	-1.0 	[-1, 0] 	10 	0
main	65 	7 	 T1 	 0.0 	14 	T 	T 	1.0 	0.0 	[1, 0] 	6 	0
main	66 	7 	 T1 	 0.0 	14 	L 	K 	0.0 	1.0 	[-1, 0] 	2 	0
main	67 	7 	 T1 	 0.0 	8 	W 	W 	1.0 	0.0 	[-1, 0] 	6 	0
main	68 	7 	 T1 	 0.0 	12 	T 	P 	0.0 	-1.0 	[1, 0] 	2 	0
main	69 	7 	 T1 	 0.0 	12 	M 	C 	0.0 	-1.0 	[-1, 0] 	2 	0
main	70 	7 	 T1 	 0.0 	6 	R 	R 	1.0 	0.0 	[-1, 0] 	10 	0
main	71 	7 	 T1 	 0.0 	14 	W 	W 	1.0 	0.0 	[1, 0] 	2 	0
main	72 	7 	 T1 	 0.0 	8 	D 	R 	0.0 	1.0 	[1, 0] 	6 	0
main	73 	7 	 T1 	 0.0 	10 	F 	T 	0.0 	-1.0 	[1, 0] 	6 	0
main	74 	7 	 T1 	 0.0 	10 	N 	Y 	0.0 	1.0 	[1, 0] 	10 	0
main	75 	7 	 T1 	 0.0 	8 	Z 	G 	0.0 	8.0 	[-1, 0] 	10 	0
main	76 	7 	 T1 	 0.0 	8 	J 	J 	1.0 	0.0 	[1, 0] 	10 	0
main	77 	7 	 T1 	 0.0 	12 	A 	A 	1.0 	0.0 	[-1, 0] 	10 	0
main	78 	7 	 T1 	 0.0 	10 	D 	D 	1.0 	0.0 	[1, 0] 	2 	0
main	79 	7 	 T1 	 0.0 	6 	Z 	N 	0.0 	1.0 	[-1, 0] 	2 	0
main	80 	7 	 T1 	 0.0 	6 	C 	C 	1.0 	0.0 	[1, 0] 	10 	0
main	81 	7 	 T1 	 0.0 	6 	U 	M 	0.0 	-5.0 	[-1, 0] 	6 	0
main	82 	7 	 T1 	 0.0 	10 	V 	V 	1.0 	0.0 	[-1, 0] 	10 	0
main	83 	7 	 T1 	 0.0 	6 	V 	D 	0.0 	-1.0 	[1, 0] 	6 	0
main	84 	7 	 T1 	 0.0 	8 	V 	F 	0.0 	-1.0 	[-1, 0] 	2 	0
main	85 	7 	 T1 	 0.0 	6 	Q 	Q 	1.0 	0.0 	[1, 0] 	2 	0
main	86 	7 	 T1 	 0.0 	14 	N 	H 	0.0 	2.0 	[-1, 0] 	6 	0
main	87 	7 	 T1 	 0.0 	10 	R 	R 	1.0 	0.0 	[-1, 0] 	6 	0
main	88 	7 	 T1 	 0.0 	14 	Z 	D 	0.0 	1.0 	[1, 0] 	10 	0
main	89 	7 	 T1 	 0.0 	12 	I 	I 	1.0 	0.0 	[1, 0] 	10 	0
main	90 	7 	 T1 	 0.0 	6 	M 	R 	0.0 	1.0 	[-1, 0] 	10 	0
main	91 	7 	 T1 	 0.0 	10 	Z 	Z 	1.0 	0.0 	[-1, 0] 	10 	0
main	92 	7 	 T1 	 0.0 	8 	W 	W 	1.0 	0.0 	[-1, 0] 	6 	0
main	93 	7 	 T1 	 0.0 	8 	H 	H 	1.0 	0.0 	[-1, 0] 	2 	0
main	94 	7 	 T1 	 0.0 	6 	T 	K 	0.0 	1.0 	[-1, 0] 	2 	0
main	95 	7 	 T1 	 0.0 	8 	N 	V 	0.0 	1.0 	[-1, 0] 	10 	0
main	96 	7 	 T1 	 0.0 	14 	K 	K 	1.0 	0.0 	[1, 0] 	2 	0
main	97 	7 	 T1 	 0.0 	12 	I 	Q 	0.0 	1.0 	[-1, 0] 	6 	0
main	98 	7 	 T1 	 0.0 	12 	H 	Y 	0.0 	-1.0 	[-1, 0] 	10 	0
main	99 	7 	 T1 	 0.0 	10 	R 	R 	1.0 	0.0 	[-1, 0] 	6 	0
main	100 	7 	 T1 	 0.0 	8 	T 	T 	1.0 	0.0 	[1, 0] 	10 	0
main	101 	7 	 T1 	 0.0 	12 	Y 	S 	0.0 	1.0 	[-1, 0] 	2 	0
main	102 	7 	 T1 	 0.0 	8 	X 	X 	1.0 	0.0 	[1, 0] 	2 	0
main	103 	7 	 T1 	 0.0 	14 	E 	G 	0.0 	-2.0 	[-1, 0] 	10 	1
main	104 	7 	 T1 	 0.0 	10 	T 	T 	1.0 	0.0 	[1, 0] 	2 	0
main	105 	7 	 T1 	 0.0 	12 	B 	B 	1.0 	0.0 	[1, 0] 	2 	0
main	106 	7 	 T1 	 0.0 	6 	J 	N 	0.0 	2.0 	[1, 0] 	2 	0
main	107 	7 	 T1 	 0.0 	6 	S 	G 	0.0 	1.0 	[1, 0] 	10 	0
main	108 	7 	 T1 	 0.0 	8 	N 	N 	1.0 	0.0 	[1, 0] 	6 	0
main	109 	7 	 T1 	 0.0 	10 	H 	H 	1.0 	0.0 	[-1, 0] 	2 	0
main	110 	7 	 T1 	 0.0 	12 	Y 	R 	0.0 	1.0 	[1, 0] 	10 	0
main	111 	7 	 T1 	 0.0 	12 	A 	A 	1.0 	0.0 	[1, 0] 	6 	0
main	112 	7 	 T1 	 0.0 	14 	S 	S 	1.0 	0.0 	[-1, 0] 	6 	0
main	113 	7 	 T1 	 0.0 	14 	D 	H 	0.0 	-1.0 	[-1, 0] 	2 	0
main	114 	7 	 T1 	 0.0 	14 	O 	D 	0.0 	-1.0 	[1, 0] 	10 	0
main	115 	7 	 T1 	 0.0 	14 	S 	S 	1.0 	0.0 	[1, 0] 	6 	0
main	116 	7 	 T1 	 0.0 	10 	O 	V 	0.0 	1.0 	[1, 0] 	10 	0
main	117 	7 	 T1 	 0.0 	6 	B 	B 	1.0 	0.0 	[-1, 0] 	6 	0
main	118 	7 	 T1 	 0.0 	6 	S 	S 	1.0 	0.0 	[1, 0] 	6 	0
main	119 	7 	 T1 	 0.0 	10 	G 	G 	1.0 	0.0 	[1, 0] 	6 	0
main	120 	7 	 T1 	 0.0 	12 	J 	J 	1.0 	0.0 	[-1, 0] 	10 	0
main	121 	7 	 T1 	 0.0 	14 	W 	W 	1.0 	0.0 	[1, 0] 	2 	0
main	122 	7 	 T1 	 0.0 	12 	X 	Z 	0.0 	-1.0 	[-1, 0] 	6 	0
main	123 	7 	 T1 	 0.0 	14 	H 	A 	0.0 	1.0 	[-1, 0] 	2 	0
main	124 	7 	 T1 	 0.0 	14 	L 	S 	0.0 	1.0 	[1, 0] 	10 	0
main	125 	7 	 T1 	 0.0 	10 	Z 	U 	0.0 	-1.0 	[1, 0] 	6 	0
main	126 	7 	 T1 	 0.0 	8 	L 	R 	0.0 	-1.0 	[-1, 0] 	2 	0
main	127 	7 	 T1 	 0.0 	10 	C 	C 	1.0 	0.0 	[-1, 0] 	10 	0
main	128 	7 	 T1 	 0.0 	10 	X 	X 	1.0 	0.0 	[1, 0] 	2 	0
main	129 	7 	 T1 	 0.0 	8 	T 	R 	0.0 	1.0 	[1, 0] 	10 	0
main	130 	7 	 T1 	 0.0 	14 	P 	P 	1.0 	0.0 	[-1, 0] 	6 	0
main	131 	7 	 T1 	 0.0 	6 	M 	M 	1.0 	0.0 	[-1, 0] 	2 	0
main	132 	7 	 T1 	 0.0 	6 	H 	U 	0.0 	1.0 	[-1, 0] 	6 	0
main	133 	7 	 T1 	 0.0 	10 	B 	B 	1.0 	0.0 	[-1, 0] 	2 	0
main	134 	7 	 T1 	 0.0 	8 	M 	M 	1.0 	0.0 	[1, 0] 	2 	0
main	135 	7 	 T1 	 0.0 	12 	H 	H 	1.0 	0.0 	[1, 0] 	10 	0
main	136 	7 	 T1 	 0.0 	12 	T 	T 	1.0 	0.0 	[1, 0] 	6 	0
main	137 	7 	 T1 	 0.0 	12 	D 	D 	1.0 	0.0 	[-1, 0] 	2 	0
main	138 	7 	 T1 	 0.0 	8 	Q 	Q 	1.0 	0.0 	[-1, 0] 	10 	1
main	139 	7 	 T1 	 0.0 	6 	P 	S 	0.0 	1.0 	[1, 0] 	2 	0
main	140 	7 	 T1 	 0.0 	6 	Q 	U 	0.0 	1.0 	[-1, 0] 	10 	0
main	141 	7 	 T1 	 0.0 	14 	C 	G 	0.0 	-1.0 	[1, 0] 	6 	0
main	142 	7 	 T1 	 0.0 	12 	Y 	Y 	1.0 	0.0 	[1, 0] 	2 	0
main	143 	7 	 T1 	 0.0 	14 	R 	M 	0.0 	1.0 	[-1, 0] 	10 	0
main	144 	7 	 T1 	 0.0 	8 	T 	T 	1.0 	0.0 	[-1, 0] 	6 	0
main	145 	7 	 T1 	 0.0 	10 	N 	N 	1.0 	0.0 	[1, 0] 	10 	0
main	146 	7 	 T1 	 0.0 	6 	E 	U 	0.0 	-2.0 	[1, 0] 	6 	0
main	147 	7 	 T1 	 0.0 	8 	H 	R 	0.0 	-1.0 	[1, 0] 	6 	0
main	148 	7 	 T1 	 0.0 	6 	X 	X 	1.0 	0.0 	[1, 0] 	10 	0
main	149 	7 	 T1 	 0.0 	10 	R 	R 	1.0 	0.0 	[-1, 0] 	6 	0
main	150 	7 	 T1 	 0.0 	14 	S 	S 	1.0 	0.0 	[1, 0] 	10 	0
main	151 	7 	 T1 	 0.0 	10 	F 	F 	1.0 	0.0 	[-1, 0] 	10 	0
main	152 	7 	 T1 	 0.0 	8 	T 	R 	0.0 	-1.0 	[-1, 0] 	10 	0
main	153 	7 	 T1 	 0.0 	6 	C 	C 	1.0 	0.0 	[-1, 0] 	10 	0
main	154 	7 	 T1 	 0.0 	10 	P 	P 	1.0 	0.0 	[1, 0] 	10 	0
main	155 	7 	 T1 	 0.0 	12 	A 	A 	1.0 	0.0 	[-1, 0] 	6 	0
main	156 	7 	 T1 	 0.0 	6 	N 	V 	0.0 	1.0 	[-1, 0] 	6 	0
main	157 	7 	 T1 	 0.0 	14 	I 	M 	0.0 	-2.0 	[1, 0] 	6 	1
main	158 	7 	 T1 	 0.0 	8 	Y 	G 	0.0 	-1.0 	[1, 0] 	10 	0
main	159 	7 	 T1 	 0.0 	14 	J 	J 	1.0 	0.0 	[1, 0] 	2 	0
main	160 	7 	 T1 	 0.0 	8 	G 	G 	1.0 	0.0 	[1, 0] 	2 	0
main	161 	7 	 T1 	 0.0 	6 	S 	S 	1.0 	0.0 	[1, 0] 	10 	0
main	162 	7 	 T1 	 0.0 	12 	B 	B 	1.0 	0.0 	[-1, 0] 	10 	0
main	163 	7 	 T1 	 0.0 	6 	O 	L 	0.0 	-1.0 	[1, 0] 	2 	0
main	164 	7 	 T1 	 0.0 	10 	V 	S 	0.0 	-1.0 	[1, 0] 	6 	0
main	165 	7 	 T1 	 0.0 	6 	E 	E 	1.0 	0.0 	[-1, 0] 	2 	0
main	166 	7 	 T1 	 0.0 	6 	M 	M 	1.0 	0.0 	[1, 0] 	6 	0
main	167 	7 	 T1 	 0.0 	8 	U 	U 	1.0 	0.0 	[-1, 0] 	6 	0
main	168 	7 	 T1 	 0.0 	8 	F 	F 	1.0 	0.0 	[1, 0] 	6 	0
main	169 	7 	 T1 	 0.0 	12 	V 	V 	1.0 	0.0 	[1, 0] 	10 	0
main	170 	7 	 T1 	 0.0 	10 	Y 	Y 	1.0 	0.0 	[1, 0] 	2 	0
main	171 	7 	 T1 	 0.0 	12 	O 	A 	0.0 	1.0 	[1, 0] 	6 	0
main	172 	7 	 T1 	 0.0 	14 	R 	R 	1.0 	0.0 	[-1, 0] 	10 	0
main	173 	7 	 T1 	 0.0 	10 	N 	N 	1.0 	0.0 	[-1, 0] 	6 	0
main	174 	7 	 T1 	 0.0 	10 	U 	E 	0.0 	1.0 	[-1, 0] 	2 	0
main	175 	7 	 T1 	 0.0 	14 	X 	X 	1.0 	0.0 	[-1, 0] 	6 	0
main	176 	7 	 T1 	 0.0 	12 	R 	R 	1.0 	0.0 	[1, 0] 	2 	0
main	177 	7 	 T1 	 0.0 	12 	R 	R 	1.0 	0.0 	[-1, 0] 	2 	0
main	178 	7 	 T1 	 0.0 	14 	I 	E 	0.0 	-1.0 	[-1, 0] 	2 	0
main	179 	7 	 T1 	 0.0 	8 	T 	K 	0.0 	1.0 	[-1, 0] 	2 	0
main	180 	7 	 T1 	 0.0 	6 	Q 	U 	0.0 	1.0 	[-1, 0] 	6 	0
main	181 	7 	 T1 	 0.0 	14 	K 	R 	0.0 	-1.0 	[-1, 0] 	6 	0
main	182 	7 	 T1 	 0.0 	14 	D 	D 	1.0 	0.0 	[1, 0] 	2 	0
main	183 	7 	 T1 	 0.0 	10 	O 	Z 	0.0 	1.0 	[1, 0] 	6 	0
main	184 	7 	 T1 	 0.0 	6 	Q 	R 	0.0 	8.0 	[-1, 0] 	10 	0
main	185 	7 	 T1 	 0.0 	10 	X 	B 	0.0 	-10.0 	[1, 0] 	2 	0
main	186 	7 	 T1 	 0.0 	6 	V 	V 	1.0 	0.0 	[-1, 0] 	2 	0
main	187 	7 	 T1 	 0.0 	12 	G 	H 	0.0 	-1.0 	[-1, 0] 	6 	0
main	188 	7 	 T1 	 0.0 	10 	S 	S 	1.0 	0.0 	[-1, 0] 	10 	0
main	189 	7 	 T1 	 0.0 	14 	U 	U 	1.0 	0.0 	[1, 0] 	6 	0
main	190 	7 	 T1 	 0.0 	14 	D 	D 	1.0 	0.0 	[-1, 0] 	10 	0
main	191 	7 	 T1 	 0.0 	12 	Y 	E 	0.0 	-1.0 	[1, 0] 	10 	0
main	192 	7 	 T1 	 0.0 	10 	U 	C 	0.0 	1.0 	[-1, 0] 	2 	0
main	193 	7 	 T1 	 0.0 	12 	K 	R 	0.0 	-9.0 	[-1, 0] 	2 	0
main	194 	7 	 T1 	 0.0 	8 	S 	S 	1.0 	0.0 	[-1, 0] 	6 	0
main	195 	7 	 T1 	 0.0 	14 	A 	A 	1.0 	0.0 	[-1, 0] 	2 	0
main	196 	7 	 T1 	 0.0 	8 	W 	W 	1.0 	0.0 	[-1, 0] 	10 	0
main	197 	7 	 T1 	 0.0 	8 	R 	P 	0.0 	1.0 	[1, 0] 	10 	0
main	198 	7 	 T1 	 0.0 	6 	U 	R 	0.0 	8.0 	[1, 0] 	10 	0
main	199 	7 	 T1 	 0.0 	12 	E 	E 	1.0 	0.0 	[1, 0] 	6 	0
main	200 	7 	 T1 	 0.0 	10 	J 	J 	1.0 	0.0 	[1, 0] 	10 	0
main	201 	7 	 T1 	 0.0 	8 	K 	J 	0.0 	-1.0 	[1, 0] 	2 	0
main	202 	7 	 T1 	 0.0 	8 	Z 	Y 	0.0 	1.0 	[1, 0] 	6 	0
main	203 	7 	 T1 	 0.0 	14 	O 	U 	0.0 	-1.0 	[1, 0] 	10 	0
main	204 	7 	 T1 	 0.0 	12 	G 	S 	0.0 	1.0 	[-1, 0] 	10 	0
main	205 	7 	 T1 	 0.0 	8 	G 	G 	1.0 	0.0 	[-1, 0] 	2 	0
main	206 	7 	 T1 	 0.0 	6 	N 	J 	0.0 	1.0 	[1, 0] 	2 	0
main	207 	7 	 T1 	 0.0 	12 	S 	S 	1.0 	0.0 	[1, 0] 	2 	0
main	208 	7 	 T1 	 0.0 	6 	B 	B 	1.0 	0.0 	[1, 0] 	6 	0
main	209 	7 	 T1 	 0.0 	10 	Z 	Z 	1.0 	0.0 	[-1, 0] 	6 	0
main	210 	7 	 T1 	 0.0 	8 	U 	K 	0.0 	-1.0 	[-1, 0] 	10 	0
main	211 	7 	 T1 	 0.0 	10 	U 	W 	0.0 	-1.0 	[1, 0] 	6 	0
main	212 	7 	 T1 	 0.0 	10 	F 	F 	1.0 	0.0 	[1, 0] 	10 	0
main	213 	7 	 T1 	 0.0 	6 	C 	C 	1.0 	0.0 	[1, 0] 	10 	0
main	214 	7 	 T1 	 0.0 	8 	U 	N 	0.0 	-1.0 	[-1, 0] 	6 	0
main	215 	7 	 T1 	 0.0 	14 	R 	R 	1.0 	0.0 	[1, 0] 	2 	0
main	216 	7 	 T1 	 0.0 	10 	T 	F 	0.0 	1.0 	[-1, 0] 	6 	0
main	217 	7 	 T1 	 0.0 	12 	O 	Q 	0.0 	-1.0 	[-1, 0] 	6 	0
main	218 	7 	 T1 	 0.0 	12 	I 	D 	0.0 	-1.0 	[-1, 0] 	2 	0
main	219 	7 	 T1 	 0.0 	10 	D 	D 	1.0 	0.0 	[-1, 0] 	10 	0
main	220 	7 	 T1 	 0.0 	6 	U 	A 	0.0 	1.0 	[1, 0] 	2 	0
main	221 	7 	 T1 	 0.0 	8 	C 	C 	1.0 	0.0 	[1, 0] 	6 	0
main	222 	7 	 T1 	 0.0 	12 	T 	T 	1.0 	0.0 	[1, 0] 	10 	0
main	223 	7 	 T1 	 0.0 	14 	T 	H 	0.0 	1.0 	[1, 0] 	10 	0
main	224 	7 	 T1 	 0.0 	6 	O 	E 	0.0 	-1.0 	[1, 0] 	6 	0
main	225 	7 	 T1 	 0.0 	8 	E 	E 	1.0 	0.0 	[1, 0] 	10 	0
main	226 	7 	 T1 	 0.0 	8 	Y 	Y 	1.0 	0.0 	[1, 0] 	2 	0
main	227 	7 	 T1 	 0.0 	12 	O 	S 	0.0 	1.0 	[1, 0] 	2 	0
main	228 	7 	 T1 	 0.0 	8 	L 	B 	0.0 	2.0 	[-1, 0] 	2 	0
main	229 	7 	 T1 	 0.0 	6 	T 	T 	1.0 	0.0 	[-1, 0] 	2 	0
main	230 	7 	 T1 	 0.0 	14 	J 	J 	1.0 	0.0 	[-1, 0] 	6 	0
main	231 	7 	 T1 	 0.0 	14 	S 	K 	0.0 	1.0 	[-1, 0] 	10 	0
main	232 	7 	 T1 	 0.0 	10 	S 	S 	1.0 	0.0 	[-1, 0] 	2 	0
main	233 	7 	 T1 	 0.0 	14 	F 	W 	0.0 	-1.0 	[-1, 0] 	2 	0
main	234 	7 	 T1 	 0.0 	10 	Z 	V 	0.0 	2.0 	[1, 0] 	2 	0
main	235 	7 	 T1 	 0.0 	14 	N 	G 	0.0 	1.0 	[1, 0] 	6 	0
main	236 	7 	 T1 	 0.0 	6 	D 	D 	1.0 	0.0 	[-1, 0] 	6 	0
main	237 	7 	 T1 	 0.0 	12 	V 	V 	1.0 	0.0 	[-1, 0] 	10 	0
main	238 	7 	 T1 	 0.0 	6 	G 	U 	0.0 	1.0 	[-1, 0] 	10 	0
main	239 	7 	 T1 	 0.0 	12 	P 	P 	1.0 	0.0 	[1, 0] 	6 	0
main	240 	7 	 T1 	 0.0 	8 	G 	K 	0.0 	-3.0 	[1, 0] 	6 	0
main	241 	7 	 T1 	 0.0 	8 	C 	C 	1.0 	0.0 	[-1, 0] 	6 	0
main	242 	7 	 T1 	 0.0 	6 	W 	R 	0.0 	-1.0 	[1, 0] 	10 	0
main	243 	7 	 T1 	 0.0 	8 	K 	K 	1.0 	0.0 	[-1, 0] 	2 	0
main	244 	7 	 T1 	 0.0 	6 	U 	U 	1.0 	0.0 	[1, 0] 	2 	0
main	245 	7 	 T1 	 0.0 	12 	I 	R 	0.0 	2.0 	[-1, 0] 	2 	0
main	246 	7 	 T1 	 0.0 	6 	V 	L 	0.0 	-1.0 	[-1, 0] 	2 	0
main	247 	7 	 T1 	 0.0 	8 	L 	S 	0.0 	1.0 	[1, 0] 	10 	0
main	248 	7 	 T1 	 0.0 	12 	F 	V 	0.0 	1.0 	[-1, 0] 	10 	0
main	249 	7 	 T1 	 0.0 	12 	N 	D 	0.0 	-6.0 	[1, 0] 	10 	0
main	250 	7 	 T1 	 0.0 	8 	U 	D 	0.0 	2.0 	[-1, 0] 	10 	0
main	251 	7 	 T1 	 0.0 	14 	O 	D 	0.0 	-1.0 	[-1, 0] 	6 	0
main	252 	7 	 T1 	 0.0 	10 	L 	P 	0.0 	-1.0 	[-1, 0] 	6 	0
main	253 	7 	 T1 	 0.0 	14 	J 	J 	1.0 	0.0 	[-1, 0] 	10 	0
main	254 	7 	 T1 	 0.0 	10 	S 	N 	0.0 	-1.0 	[1, 0] 	6 	0
main	255 	7 	 T1 	 0.0 	10 	A 	A 	1.0 	0.0 	[-1, 0] 	10 	0
main	256 	7 	 T1 	 0.0 	12 	C 	C 	1.0 	0.0 	[1, 0] 	2 	0
main	257 	7 	 T1 	 0.0 	12 	H 	H 	1.0 	0.0 	[1, 0] 	6 	0
main	258 	7 	 T1 	 0.0 	8 	Z 	R 	0.0 	1.0 	[1, 0] 	2 	0
main	259 	7 	 T1 	 0.0 	6 	S 	S 	1.0 	0.0 	[1, 0] 	6 	0
main	260 	7 	 T1 	 0.0 	14 	W 	W 	1.0 	0.0 	[-1, 0] 	2 	0
main	261 	7 	 T1 	 0.0 	10 	S 	R 	0.0 	1.0 	[-1, 0] 	2 	0
main	262 	7 	 T1 	 0.0 	10 	X 	X 	1.0 	0.0 	[1, 0] 	2 	0
main	263 	7 	 T1 	 0.0 	14 	J 	J 	1.0 	0.0 	[1, 0] 	6 	0
main	264 	7 	 T1 	 0.0 	6 	V 	L 	0.0 	1.0 	[-1, 0] 	10 	0
main	265 	7 	 T1 	 0.0 	10 	Q 	R 	0.0 	1.0 	[1, 0] 	10 	0
main	266 	7 	 T1 	 0.0 	12 	Q 	M 	0.0 	-1.0 	[-1, 0] 	6 	0
main	267 	7 	 T1 	 0.0 	14 	I 	R 	0.0 	8.0 	[1, 0] 	10 	0
main	268 	7 	 T1 	 0.0 	14 	Z 	Z 	1.0 	0.0 	[1, 0] 	2 	0
main	269 	7 	 T1 	 0.0 	6 	R 	R 	1.0 	0.0 	[-1, 0] 	6 	0
main	270 	7 	 T1 	 0.0 	12 	H 	I 	0.0 	-1.0 	[1, 0] 	6 	0
main	271 	7 	 T1 	 0.0 	14 	I 	N 	0.0 	1.0 	[-1, 0] 	10 	0
main	272 	7 	 T1 	 0.0 	10 	M 	M 	1.0 	0.0 	[-1, 0] 	2 	0
main	273 	7 	 T1 	 0.0 	6 	Y 	W 	0.0 	-1.0 	[1, 0] 	6 	0
main	274 	7 	 T1 	 0.0 	8 	Q 	M 	0.0 	-1.0 	[-1, 0] 	6 	0
main	275 	7 	 T1 	 0.0 	10 	L 	D 	0.0 	-1.0 	[1, 0] 	6 	0
main	276 	7 	 T1 	 0.0 	8 	L 	K 	0.0 	-1.0 	[-1, 0] 	2 	0
main	277 	7 	 T1 	 0.0 	10 	Y 	Y 	1.0 	0.0 	[1, 0] 	10 	0
main	278 	7 	 T1 	 0.0 	12 	X 	K 	0.0 	1.0 	[-1, 0] 	2 	0
main	279 	7 	 T1 	 0.0 	14 	B 	S 	0.0 	1.0 	[1, 0] 	2 	0
main	280 	7 	 T1 	 0.0 	12 	A 	J 	0.0 	-1.0 	[1, 0] 	2 	0
main	281 	7 	 T1 	 0.0 	6 	K 	K 	1.0 	0.0 	[-1, 0] 	6 	0
main	282 	7 	 T1 	 0.0 	12 	V 	Z 	0.0 	1.0 	[1, 0] 	10 	0
main	283 	7 	 T1 	 0.0 	6 	Q 	J 	0.0 	-1.0 	[1, 0] 	10 	0
main	284 	7 	 T1 	 0.0 	8 	Q 	P 	0.0 	-1.0 	[1, 0] 	2 	0
main	285 	7 	 T1 	 0.0 	14 	X 	K 	0.0 	-1.0 	[1, 0] 	10 	0
main	286 	7 	 T1 	 0.0 	14 	H 	H 	1.0 	0.0 	[1, 0] 	6 	0
main	287 	7 	 T1 	 0.0 	8 	F 	V 	0.0 	-1.0 	[-1, 0] 	10 	0
main	288 	7 	 T1 	 0.0 	14 	I 	Z 	0.0 	1.0 	[-1, 0] 	6 	0
main	289 	7 	 T1 	 0.0 	12 	D 	D 	1.0 	0.0 	[-1, 0] 	6 	0
main	290 	7 	 T1 	 0.0 	6 	H 	K 	0.0 	1.0 	[-1, 0] 	2 	0
main	291 	7 	 T1 	 0.0 	12 	U 	U 	1.0 	0.0 	[-1, 0] 	10 	0
main	292 	7 	 T1 	 0.0 	6 	S 	S 	1.0 	0.0 	[1, 0] 	2 	0
main	293 	7 	 T1 	 0.0 	10 	L 	E 	0.0 	1.0 	[-1, 0] 	6 	0
main	294 	7 	 T1 	 0.0 	10 	K 	K 	1.0 	0.0 	[1, 0] 	2 	0
main	295 	7 	 T1 	 0.0 	8 	I 	Z 	0.0 	-1.0 	[1, 0] 	6 	0
main	296 	7 	 T1 	 0.0 	8 	U 	U 	1.0 	0.0 	[1, 0] 	10 	0
main	297 	7 	 T1 	 0.0 	14 	J 	J 	1.0 	0.0 	[-1, 0] 	2 	0
main	298 	7 	 T1 	 0.0 	6 	Z 	Z 	1.0 	0.0 	[-1, 0] 	10 	0
main	299 	7 	 T1 	 0.0 	10 	I 	X 	0.0 	1.0 	[-1, 0] 	10 	0
main	300 	7 	 T1 	 0.0 	10 	I 	C 	0.0 	-1.0 	[-1, 0] 	6 	0
main	301 	7 	 T1 	 0.0 	14 	O 	J 	0.0 	-1.0 	[-1, 0] 	10 	0
main	302 	7 	 T1 	 0.0 	14 	U 	N 	0.0 	-1.0 	[1, 0] 	6 	0
main	303 	7 	 T1 	 0.0 	12 	P 	P 	1.0 	0.0 	[-1, 0] 	6 	0
main	304 	7 	 T1 	 0.0 	10 	E 	E 	1.0 	0.0 	[-1, 0] 	10 	0
main	305 	7 	 T1 	 0.0 	10 	Y 	Y 	1.0 	0.0 	[1, 0] 	10 	0
main	306 	7 	 T1 	 0.0 	12 	W 	W 	1.0 	0.0 	[-1, 0] 	2 	0
main	307 	7 	 T1 	 0.0 	14 	Z 	Z 	1.0 	0.0 	[-1, 0] 	2 	0
main	308 	7 	 T1 	 0.0 	12 	L 	M 	0.0 	1.0 	[-1, 0] 	10 	1
main	309 	7 	 T1 	 0.0 	10 	L 	Y 	0.0 	2.0 	[1, 0] 	2 	0
main	310 	7 	 T1 	 0.0 	8 	V 	V 	1.0 	0.0 	[-1, 0] 	2 	0
main	311 	7 	 T1 	 0.0 	10 	R 	R 	1.0 	0.0 	[1, 0] 	6 	0
main	312 	7 	 T1 	 0.0 	6 	C 	C 	1.0 	0.0 	[1, 0] 	10 	0
main	313 	7 	 T1 	 0.0 	8 	Y 	Y 	1.0 	0.0 	[1, 0] 	10 	0
main	314 	7 	 T1 	 0.0 	6 	S 	S 	1.0 	0.0 	[-1, 0] 	6 	0
main	315 	7 	 T1 	 0.0 	6 	L 	L 	1.0 	0.0 	[1, 0] 	2 	0
main	316 	7 	 T1 	 0.0 	8 	E 	C 	0.0 	1.0 	[1, 0] 	2 	0
main	317 	7 	 T1 	 0.0 	8 	Y 	X 	0.0 	2.0 	[-1, 0] 	10 	0
main	318 	7 	 T1 	 0.0 	8 	S 	S 	1.0 	0.0 	[-1, 0] 	6 	0
main	319 	7 	 T1 	 0.0 	14 	X 	U 	0.0 	-1.0 	[1, 0] 	10 	0
main	320 	7 	 T1 	 0.0 	6 	G 	D 	0.0 	1.0 	[-1, 0] 	2 	0
main	321 	7 	 T1 	 0.0 	6 	F 	S 	0.0 	-1.0 	[-1, 0] 	10 	0
main	322 	7 	 T1 	 0.0 	8 	P 	R 	0.0 	1.0 	[1, 0] 	6 	0
main	323 	7 	 T1 	 0.0 	10 	S 	S 	1.0 	0.0 	[-1, 0] 	2 	0
main	324 	7 	 T1 	 0.0 	14 	X 	W 	0.0 	-2.0 	[1, 0] 	2 	0
main	325 	7 	 T1 	 0.0 	12 	M 	M 	1.0 	0.0 	[1, 0] 	6 	0
main	326 	7 	 T1 	 0.0 	6 	A 	A 	1.0 	0.0 	[1, 0] 	6 	0
main	327 	7 	 T1 	 0.0 	12 	T 	R 	0.0 	-1.0 	[1, 0] 	10 	0
main	328 	7 	 T1 	 0.0 	12 	U 	U 	1.0 	0.0 	[1, 0] 	2 	0
main	329 	7 	 T1 	 0.0 	14 	R 	R 	1.0 	0.0 	[-1, 0] 	6 	0
main	330 	7 	 T1 	 0.0 	12 	Y 	Y 	1.0 	0.0 	[1, 0] 	2 	0
main	331 	7 	 T1 	 0.0 	14 	G 	G 	1.0 	0.0 	[1, 0] 	6 	0
main	332 	7 	 T1 	 0.0 	10 	G 	G 	1.0 	0.0 	[-1, 0] 	2 	0
main	333 	7 	 T1 	 0.0 	14 	B 	B 	1.0 	0.0 	[1, 0] 	2 	0
main	334 	7 	 T1 	 0.0 	10 	L 	L 	1.0 	0.0 	[1, 0] 	10 	0
main	335 	7 	 T1 	 0.0 	12 	U 	E 	0.0 	-1.0 	[1, 0] 	6 	0
main	336 	7 	 T1 	 0.0 	10 	P 	W 	0.0 	-1.0 	[-1, 0] 	10 	0
main	337 	7 	 T1 	 0.0 	8 	M 	A 	0.0 	1.0 	[1, 0] 	6 	0
main	338 	7 	 T1 	 0.0 	8 	A 	T 	0.0 	-1.0 	[1, 0] 	10 	0
main	339 	7 	 T1 	 0.0 	6 	W 	W 	1.0 	0.0 	[1, 0] 	2 	0
main	340 	7 	 T1 	 0.0 	10 	V 	V 	1.0 	0.0 	[-1, 0] 	6 	0
main	341 	7 	 T1 	 0.0 	14 	P 	P 	1.0 	0.0 	[-1, 0] 	2 	0
main	342 	7 	 T1 	 0.0 	6 	N 	N 	1.0 	0.0 	[-1, 0] 	10 	0
main	343 	7 	 T1 	 0.0 	6 	I 	I 	1.0 	0.0 	[-1, 0] 	2 	0
main	344 	7 	 T1 	 0.0 	6 	I 	R 	0.0 	-1.0 	[1, 0] 	6 	0
main	345 	7 	 T1 	 0.0 	12 	W 	W 	1.0 	0.0 	[1, 0] 	10 	0
main	346 	7 	 T1 	 0.0 	8 	P 	P 	1.0 	0.0 	[-1, 0] 	2 	0
main	347 	7 	 T1 	 0.0 	14 	J 	W 	0.0 	-1.0 	[-1, 0] 	6 	0
main	348 	7 	 T1 	 0.0 	14 	F 	A 	0.0 	-1.0 	[-1, 0] 	10 	0
main	349 	7 	 T1 	 0.0 	12 	K 	Q 	0.0 	-1.0 	[-1, 0] 	6 	0
main	350 	7 	 T1 	 0.0 	10 	Q 	B 	0.0 	-1.0 	[1, 0] 	6 	0
main	351 	7 	 T1 	 0.0 	8 	E 	E 	1.0 	0.0 	[-1, 0] 	6 	0
main	352 	7 	 T1 	 0.0 	6 	M 	M 	1.0 	0.0 	[1, 0] 	10 	0
main	353 	7 	 T1 	 0.0 	12 	K 	K 	1.0 	0.0 	[-1, 0] 	2 	0
main	354 	7 	 T1 	 0.0 	8 	W 	W 	1.0 	0.0 	[-1, 0] 	10 	0
main	355 	7 	 T1 	 0.0 	8 	I 	P 	0.0 	1.0 	[1, 0] 	2 	0
main	356 	7 	 T1 	 0.0 	10 	L 	Y 	0.0 	-1.0 	[1, 0] 	2 	0
main	357 	7 	 T1 	 0.0 	14 	I 	E 	0.0 	-2.0 	[1, 0] 	10 	0
main	358 	7 	 T1 	 0.0 	12 	K 	K 	1.0 	0.0 	[-1, 0] 	10 	0
main	359 	7 	 T1 	 0.0 	6 	M 	M 	1.0 	0.0 	[-1, 0] 	6 	0
main	360 	7 	 T1 	 0.0 	10 	D 	D 	1.0 	0.0 	[1, 0] 	2 	0
main	361 	7 	 T1 	 0.0 	14 	L 	B 	0.0 	1.0 	[-1, 0] 	2 	0
main	362 	7 	 T1 	 0.0 	8 	F 	F 	1.0 	0.0 	[1, 0] 	10 	0
main	363 	7 	 T1 	 0.0 	8 	U 	U 	1.0 	0.0 	[1, 0] 	2 	0
main	364 	7 	 T1 	 0.0 	10 	T 	T 	1.0 	0.0 	[-1, 0] 	6 	0
main	365 	7 	 T1 	 0.0 	6 	L 	I 	0.0 	1.0 	[-1, 0] 	6 	0
main	366 	7 	 T1 	 0.0 	14 	T 	B 	0.0 	1.0 	[-1, 0] 	10 	0
main	367 	7 	 T1 	 0.0 	6 	U 	U 	1.0 	0.0 	[1, 0] 	10 	0
main	368 	7 	 T1 	 0.0 	10 	F 	Y 	0.0 	1.0 	[-1, 0] 	10 	0
main	369 	7 	 T1 	 0.0 	12 	Q 	L 	0.0 	-1.0 	[-1, 0] 	10 	0
main	370 	7 	 T1 	 0.0 	10 	I 	T 	0.0 	1.0 	[-1, 0] 	2 	0
main	371 	7 	 T1 	 0.0 	8 	V 	Y 	0.0 	1.0 	[-1, 0] 	2 	0
main	372 	7 	 T1 	 0.0 	12 	C 	C 	1.0 	0.0 	[1, 0] 	2 	0
main	373 	7 	 T1 	 0.0 	6 	L 	L 	1.0 	0.0 	[-1, 0] 	2 	0
main	374 	7 	 T1 	 0.0 	12 	B 	B 	1.0 	0.0 	[1, 0] 	10 	0
main	375 	7 	 T1 	 0.0 	6 	M 	M 	1.0 	0.0 	[-1, 0] 	10 	0
main	376 	7 	 T1 	 0.0 	6 	A 	A 	1.0 	0.0 	[1, 0] 	2 	0
main	377 	7 	 T1 	 0.0 	10 	W 	W 	1.0 	0.0 	[1, 0] 	10 	0
main	378 	7 	 T1 	 0.0 	8 	W 	W 	1.0 	0.0 	[-1, 0] 	6 	0
main	379 	7 	 T1 	 0.0 	14 	J 	N 	0.0 	1.0 	[-1, 0] 	6 	0
main	380 	7 	 T1 	 0.0 	10 	U 	A 	0.0 	-1.0 	[1, 0] 	6 	0
main	381 	7 	 T1 	 0.0 	12 	Y 	Y 	1.0 	0.0 	[-1, 0] 	6 	0
main	382 	7 	 T1 	 0.0 	14 	U 	A 	0.0 	1.0 	[1, 0] 	2 	0
main	383 	7 	 T1 	 0.0 	6 	G 	G 	1.0 	0.0 	[1, 0] 	6 	0
main	384 	7 	 T1 	 0.0 	12 	S 	A 	0.0 	1.0 	[1, 0] 	6 	0
main	385 	7 	 T1 	 0.0 	8 	F 	F 	1.0 	0.0 	[1, 0] 	6 	0
main	386 	7 	 T1 	 0.0 	14 	V 	K 	0.0 	1.0 	[1, 0] 	6 	0
main	387 	7 	 T1 	 0.0 	8 	L 	L 	1.0 	0.0 	[-1, 0] 	10 	0
main	388 	7 	 T1 	 0.0 	14 	I 	S 	0.0 	1.0 	[1, 0] 	10 	0
main	389 	7 	 T1 	 0.0 	12 	O 	R 	0.0 	1.0 	[-1, 0] 	2 	0
main	390 	7 	 T1 	 0.0 	12 	M 	M 	1.0 	0.0 	[-1, 0] 	6 	0
main	391 	7 	 T1 	 0.0 	10 	Y 	Z 	0.0 	1.0 	[-1, 0] 	2 	0
main	392 	7 	 T1 	 0.0 	6 	B 	B 	1.0 	0.0 	[1, 0] 	10 	0
main	393 	7 	 T1 	 0.0 	12 	G 	G 	1.0 	0.0 	[1, 0] 	10 	0
main	394 	7 	 T1 	 0.0 	12 	F 	V 	0.0 	1.0 	[-1, 0] 	10 	0
main	395 	7 	 T1 	 0.0 	8 	M 	M 	1.0 	0.0 	[1, 0] 	6 	0
main	396 	7 	 T1 	 0.0 	6 	B 	A 	0.0 	-1.0 	[-1, 0] 	2 	0
main	397 	7 	 T1 	 0.0 	8 	E 	E 	1.0 	0.0 	[1, 0] 	2 	0
main	398 	7 	 T1 	 0.0 	8 	F 	S 	0.0 	-1.0 	[-1, 0] 	10 	0
main	399 	7 	 T1 	 0.0 	8 	H 	B 	0.0 	-1.0 	[-1, 0] 	2 	0
main	400 	7 	 T1 	 0.0 	6 	I 	I 	1.0 	0.0 	[-1, 0] 	6 	0
main	401 	7 	 T1 	 0.0 	6 	S 	S 	1.0 	0.0 	[-1, 0] 	10 	0
main	402 	7 	 T1 	 0.0 	14 	W 	W 	1.0 	0.0 	[1, 0] 	2 	0
main	403 	7 	 T1 	 0.0 	10 	X 	H 	0.0 	1.0 	[-1, 0] 	6 	0
main	404 	7 	 T1 	 0.0 	10 	I 	O 	0.0 	-2.0 	[-1, 0] 	10 	0
main	405 	7 	 T1 	 0.0 	10 	C 	C 	1.0 	0.0 	[1, 0] 	6 	0
main	406 	7 	 T1 	 0.0 	8 	A 	A 	1.0 	0.0 	[1, 0] 	10 	0
main	407 	7 	 T1 	 0.0 	14 	Q 	G 	0.0 	1.0 	[1, 0] 	6 	0
main	408 	7 	 T1 	 0.0 	14 	N 	B 	0.0 	-2.0 	[-1, 0] 	2 	0
main	409 	7 	 T1 	 0.0 	14 	S 	S 	1.0 	0.0 	[-1, 0] 	10 	0
main	410 	7 	 T1 	 0.0 	8 	T 	T 	1.0 	0.0 	[-1, 0] 	6 	0
main	411 	7 	 T1 	 0.0 	6 	Y 	Y 	1.0 	0.0 	[1, 0] 	6 	0
main	412 	7 	 T1 	 0.0 	14 	M 	M 	1.0 	0.0 	[1, 0] 	10 	0
main	413 	7 	 T1 	 0.0 	12 	V 	V 	1.0 	0.0 	[-1, 0] 	2 	0
main	414 	7 	 T1 	 0.0 	12 	B 	B 	1.0 	0.0 	[1, 0] 	2 	0
main	415 	7 	 T1 	 0.0 	10 	Y 	K 	0.0 	1.0 	[1, 0] 	2 	0
main	416 	7 	 T1 	 0.0 	10 	B 	B 	1.0 	0.0 	[1, 0] 	10 	0
main	417 	7 	 T1 	 0.0 	12 	B 	K 	0.0 	-1.0 	[1, 0] 	6 	0
main	418 	7 	 T1 	 0.0 	6 	X 	B 	0.0 	-1.0 	[1, 0] 	2 	0
main	419 	7 	 T1 	 0.0 	14 	R 	B 	0.0 	-1.0 	[-1, 0] 	6 	0
