trialnum	subject	answerPos0	answer0	response0	correct0	answerPos1	answer1	response1	correct1	cueSpatialPos	cueEccentricity	timingBlips
0 	12 	10 	B 	B 	1.0 	11 	G 	G 	1.0 	[-1, 0] 	3 	0
1 	12 	10 	B 	B 	1.0 	13 	G 	G 	1.0 	[-1, 0] 	3 	0
2 	12 	10 	B 	B 	1.0 	14 	G 	G 	1.0 	[-1, 0] 	9 	0
3 	12 	10 	G 	G 	1.0 	9 	B 	B 	1.0 	[1, 0] 	9 	0
4 	12 	10 	G 	G 	1.0 	8 	B 	B 	1.0 	[-1, 0] 	3 	0
5 	12 	10 	G 	G 	1.0 	8 	B 	B 	1.0 	[1, 0] 	9 	0
6 	12 	10 	G 	G 	1.0 	8 	B 	B 	1.0 	[-1, 0] 	1.5 	0
7 	12 	10 	B 	G 	0.0 	11 	G 	B 	0.0 	[1, 0] 	6.5 	0
8 	12 	10 	B 	B 	1.0 	10 	G 	G 	1.0 	[-1, 0] 	1.5 	0
9 	12 	10 	G 	G 	1.0 	8 	B 	B 	1.0 	[-1, 0] 	6.5 	0
10 	12 	10 	B 	G 	0.0 	10 	G 	B 	0.0 	[-1, 0] 	9 	0
11 	12 	10 	G 	G 	1.0 	6 	B 	B 	1.0 	[-1, 0] 	6.5 	0
12 	12 	10 	G 	G 	1.0 	7 	B 	B 	1.0 	[-1, 0] 	3 	0
13 	12 	10 	B 	G 	0.0 	13 	G 	B 	0.0 	[1, 0] 	9 	0
14 	12 	10 	G 	G 	1.0 	6 	B 	B 	1.0 	[-1, 0] 	9 	0
15 	12 	10 	G 	G 	1.0 	6 	B 	B 	1.0 	[-1, 0] 	3 	0
16 	12 	10 	B 	B 	1.0 	11 	G 	G 	1.0 	[1, 0] 	1.5 	0
17 	12 	10 	G 	G 	1.0 	7 	B 	B 	1.0 	[-1, 0] 	1.5 	0
18 	12 	10 	B 	B 	1.0 	10 	G 	G 	1.0 	[-1, 0] 	6.5 	0
19 	12 	10 	G 	G 	1.0 	8 	B 	B 	1.0 	[1, 0] 	6.5 	0
20 	12 	10 	G 	G 	1.0 	6 	B 	B 	1.0 	[1, 0] 	9 	0
21 	12 	10 	B 	B 	1.0 	14 	G 	G 	1.0 	[1, 0] 	1.5 	0
22 	12 	10 	G 	G 	1.0 	7 	B 	B 	1.0 	[-1, 0] 	6.5 	0
23 	12 	10 	B 	B 	1.0 	13 	G 	G 	1.0 	[-1, 0] 	1.5 	0
24 	12 	10 	G 	G 	1.0 	7 	B 	B 	1.0 	[1, 0] 	9 	0
25 	12 	10 	B 	G 	0.0 	10 	G 	B 	0.0 	[1, 0] 	9 	0
26 	12 	10 	G 	G 	1.0 	6 	B 	B 	1.0 	[-1, 0] 	1.5 	0
27 	12 	10 	B 	G 	0.0 	13 	G 	B 	0.0 	[-1, 0] 	9 	0
28 	12 	10 	B 	G 	0.0 	12 	G 	B 	0.0 	[-1, 0] 	6.5 	0
29 	12 	10 	G 	G 	1.0 	9 	B 	B 	1.0 	[-1, 0] 	9 	0
30 	12 	10 	B 	G 	0.0 	14 	G 	B 	0.0 	[-1, 0] 	3 	0
31 	12 	10 	B 	G 	0.0 	11 	G 	B 	0.0 	[-1, 0] 	9 	0
32 	12 	10 	G 	G 	1.0 	8 	B 	B 	1.0 	[1, 0] 	1.5 	0
33 	12 	10 	G 	G 	1.0 	8 	B 	B 	1.0 	[-1, 0] 	9 	0
34 	12 	10 	G 	G 	1.0 	6 	B 	B 	1.0 	[1, 0] 	1.5 	0
35 	12 	10 	B 	G 	0.0 	12 	G 	B 	0.0 	[-1, 0] 	9 	0
36 	12 	10 	G 	G 	1.0 	9 	B 	B 	1.0 	[1, 0] 	3 	0
37 	12 	10 	B 	G 	0.0 	10 	G 	B 	0.0 	[1, 0] 	3 	0
38 	12 	10 	G 	G 	1.0 	6 	B 	B 	1.0 	[1, 0] 	3 	0
39 	12 	10 	B 	B 	1.0 	14 	G 	G 	1.0 	[-1, 0] 	6.5 	0
40 	12 	10 	B 	B 	1.0 	12 	G 	G 	1.0 	[-1, 0] 	1.5 	0
41 	12 	10 	G 	G 	1.0 	9 	B 	B 	1.0 	[1, 0] 	1.5 	0
42 	12 	10 	G 	G 	1.0 	6 	B 	B 	1.0 	[1, 0] 	6.5 	0
43 	12 	10 	G 	G 	1.0 	7 	B 	B 	1.0 	[1, 0] 	3 	0
44 	12 	10 	B 	G 	0.0 	13 	G 	B 	0.0 	[1, 0] 	3 	0
45 	12 	10 	G 	G 	1.0 	7 	B 	B 	1.0 	[-1, 0] 	9 	0
46 	12 	10 	B 	G 	0.0 	10 	G 	B 	0.0 	[1, 0] 	1.5 	0
47 	12 	10 	B 	G 	0.0 	12 	G 	B 	0.0 	[1, 0] 	6.5 	0
48 	12 	10 	B 	G 	0.0 	11 	G 	B 	0.0 	[1, 0] 	3 	0
49 	12 	10 	B 	B 	1.0 	11 	G 	G 	1.0 	[-1, 0] 	6.5 	0
50 	12 	10 	B 	G 	0.0 	10 	G 	B 	0.0 	[1, 0] 	6.5 	0
51 	12 	10 	B 	B 	1.0 	14 	G 	G 	1.0 	[1, 0] 	3 	0
52 	12 	10 	B 	G 	0.0 	12 	G 	B 	0.0 	[1, 0] 	3 	0
53 	12 	10 	G 	G 	1.0 	7 	B 	B 	1.0 	[1, 0] 	1.5 	0
54 	12 	10 	G 	G 	1.0 	7 	B 	B 	1.0 	[1, 0] 	6.5 	0
55 	12 	10 	B 	G 	0.0 	12 	G 	B 	0.0 	[-1, 0] 	3 	0
56 	12 	10 	B 	B 	1.0 	13 	G 	G 	1.0 	[-1, 0] 	6.5 	0
57 	12 	10 	B 	B 	1.0 	14 	G 	G 	1.0 	[-1, 0] 	1.5 	0
58 	12 	10 	B 	B 	1.0 	14 	G 	G 	1.0 	[1, 0] 	6.5 	0
59 	12 	10 	G 	B 	0.0 	9 	B 	G 	0.0 	[-1, 0] 	1.5 	0
60 	12 	10 	B 	B 	1.0 	13 	G 	G 	1.0 	[1, 0] 	1.5 	0
61 	12 	10 	G 	G 	1.0 	9 	B 	B 	1.0 	[-1, 0] 	3 	0
62 	12 	10 	B 	B 	1.0 	12 	G 	G 	1.0 	[1, 0] 	9 	0
63 	12 	10 	B 	G 	0.0 	10 	G 	B 	0.0 	[-1, 0] 	3 	0
64 	12 	10 	G 	G 	1.0 	9 	B 	B 	1.0 	[-1, 0] 	6.5 	0
65 	12 	10 	B 	B 	1.0 	13 	G 	G 	1.0 	[1, 0] 	6.5 	0
66 	12 	10 	G 	G 	1.0 	9 	B 	B 	1.0 	[1, 0] 	6.5 	0
67 	12 	10 	G 	G 	1.0 	8 	B 	B 	1.0 	[1, 0] 	3 	0
68 	12 	10 	B 	B 	1.0 	11 	G 	G 	1.0 	[-1, 0] 	1.5 	0
69 	12 	10 	B 	G 	0.0 	11 	G 	B 	0.0 	[1, 0] 	9 	0
70 	12 	10 	B 	G 	0.0 	14 	G 	B 	0.0 	[1, 0] 	9 	0
71 	12 	10 	B 	B 	1.0 	12 	G 	G 	1.0 	[1, 0] 	1.5 	0
72 	12 	10 	B 	G 	0.0 	10 	G 	B 	0.0 	[1, 0] 	1.5 	0
73 	12 	10 	G 	G 	1.0 	9 	B 	B 	1.0 	[-1, 0] 	1.5 	0
74 	12 	10 	B 	B 	1.0 	11 	G 	G 	1.0 	[-1, 0] 	1.5 	0
75 	12 	10 	B 	B 	1.0 	11 	G 	G 	1.0 	[1, 0] 	1.5 	0
76 	12 	10 	B 	B 	1.0 	14 	G 	G 	1.0 	[1, 0] 	9 	0
77 	12 	10 	G 	G 	1.0 	9 	B 	B 	1.0 	[1, 0] 	6.5 	0
78 	12 	10 	G 	G 	1.0 	7 	B 	B 	1.0 	[1, 0] 	3 	0
79 	12 	10 	B 	G 	0.0 	13 	G 	B 	0.0 	[1, 0] 	3 	0
80 	12 	10 	B 	B 	1.0 	10 	G 	G 	1.0 	[-1, 0] 	6.5 	0
81 	12 	10 	G 	G 	1.0 	9 	B 	B 	1.0 	[1, 0] 	9 	0
82 	12 	10 	B 	G 	0.0 	12 	G 	B 	0.0 	[-1, 0] 	9 	0
83 	12 	10 	B 	B 	1.0 	14 	G 	G 	1.0 	[-1, 0] 	9 	0
84 	12 	10 	B 	B 	1.0 	14 	G 	G 	1.0 	[1, 0] 	3 	0
85 	12 	10 	G 	G 	1.0 	7 	B 	B 	1.0 	[-1, 0] 	9 	0
86 	12 	10 	B 	G 	0.0 	13 	G 	B 	0.0 	[1, 0] 	9 	0
87 	12 	10 	B 	B 	1.0 	14 	G 	G 	1.0 	[-1, 0] 	1.5 	0
88 	12 	10 	G 	G 	1.0 	6 	B 	B 	1.0 	[1, 0] 	9 	0
89 	12 	10 	G 	G 	1.0 	7 	B 	B 	1.0 	[-1, 0] 	3 	0
90 	12 	10 	G 	G 	1.0 	8 	B 	B 	1.0 	[1, 0] 	6.5 	0
91 	12 	10 	G 	B 	0.0 	8 	B 	G 	0.0 	[-1, 0] 	9 	0
92 	12 	10 	B 	B 	1.0 	13 	G 	G 	1.0 	[1, 0] 	6.5 	0
93 	12 	10 	B 	G 	0.0 	10 	G 	B 	0.0 	[1, 0] 	6.5 	0
94 	12 	10 	G 	G 	1.0 	7 	B 	B 	1.0 	[1, 0] 	9 	0
95 	12 	10 	B 	G 	0.0 	13 	G 	B 	0.0 	[-1, 0] 	9 	0
96 	12 	10 	B 	G 	0.0 	12 	G 	B 	0.0 	[-1, 0] 	3 	0
97 	12 	10 	G 	G 	1.0 	6 	B 	B 	1.0 	[1, 0] 	1.5 	0
98 	12 	10 	G 	G 	1.0 	8 	B 	B 	1.0 	[-1, 0] 	6.5 	0
99 	12 	10 	G 	G 	1.0 	9 	B 	B 	1.0 	[-1, 0] 	9 	0
100 	12 	10 	B 	B 	1.0 	12 	G 	G 	1.0 	[-1, 0] 	6.5 	0
101 	12 	10 	G 	G 	1.0 	6 	B 	B 	1.0 	[-1, 0] 	9 	0
102 	12 	10 	G 	G 	1.0 	7 	B 	B 	1.0 	[1, 0] 	1.5 	0
103 	12 	10 	B 	G 	0.0 	11 	G 	B 	0.0 	[1, 0] 	9 	0
104 	12 	10 	B 	B 	1.0 	13 	G 	G 	1.0 	[-1, 0] 	6.5 	0
105 	12 	10 	B 	B 	1.0 	14 	G 	G 	1.0 	[-1, 0] 	3 	0
106 	12 	10 	B 	B 	1.0 	12 	G 	G 	1.0 	[-1, 0] 	1.5 	0
107 	12 	10 	G 	G 	1.0 	6 	B 	B 	1.0 	[1, 0] 	3 	0
108 	12 	10 	G 	B 	0.0 	9 	B 	G 	0.0 	[-1, 0] 	6.5 	0
109 	12 	10 	B 	G 	0.0 	11 	G 	B 	0.0 	[1, 0] 	3 	0
110 	12 	10 	B 	B 	1.0 	12 	G 	G 	1.0 	[1, 0] 	1.5 	0
111 	12 	10 	B 	G 	0.0 	11 	G 	B 	0.0 	[-1, 0] 	3 	0
112 	12 	10 	G 	G 	1.0 	7 	B 	B 	1.0 	[1, 0] 	6.5 	0
113 	12 	10 	B 	B 	1.0 	11 	G 	G 	1.0 	[1, 0] 	6.5 	0
114 	12 	10 	G 	G 	1.0 	6 	B 	B 	1.0 	[-1, 0] 	1.5 	0
115 	12 	10 	B 	B 	1.0 	14 	G 	G 	1.0 	[1, 0] 	6.5 	0
116 	12 	10 	B 	B 	1.0 	11 	G 	G 	1.0 	[-1, 0] 	6.5 	0
117 	12 	10 	B 	G 	0.0 	12 	G 	B 	0.0 	[1, 0] 	9 	0
118 	12 	10 	B 	G 	0.0 	12 	G 	B 	0.0 	[1, 0] 	6.5 	0
119 	12 	10 	B 	G 	0.0 	14 	G 	B 	0.0 	[1, 0] 	1.5 	0
120 	12 	10 	G 	G 	1.0 	9 	B 	B 	1.0 	[1, 0] 	1.5 	0
121 	12 	10 	B 	B 	1.0 	12 	G 	G 	1.0 	[1, 0] 	3 	0
122 	12 	10 	B 	G 	0.0 	10 	G 	B 	0.0 	[-1, 0] 	9 	0
123 	12 	10 	B 	B 	1.0 	13 	G 	G 	1.0 	[-1, 0] 	1.5 	0
124 	12 	10 	G 	G 	1.0 	6 	B 	B 	1.0 	[-1, 0] 	6.5 	0
125 	12 	10 	G 	G 	1.0 	8 	B 	B 	1.0 	[1, 0] 	3 	0
126 	12 	10 	G 	G 	1.0 	8 	B 	B 	1.0 	[-1, 0] 	3 	0
127 	12 	10 	B 	G 	0.0 	11 	G 	B 	0.0 	[-1, 0] 	9 	0
128 	12 	10 	B 	B 	1.0 	14 	G 	G 	1.0 	[-1, 0] 	6.5 	0
129 	12 	10 	G 	G 	1.0 	6 	B 	B 	1.0 	[1, 0] 	6.5 	0
130 	12 	10 	G 	G 	1.0 	7 	B 	B 	1.0 	[-1, 0] 	1.5 	0
131 	12 	10 	B 	G 	0.0 	10 	G 	B 	0.0 	[1, 0] 	9 	0
132 	12 	10 	B 	G 	0.0 	10 	G 	B 	0.0 	[1, 0] 	3 	0
133 	12 	10 	G 	G 	1.0 	7 	B 	B 	1.0 	[-1, 0] 	6.5 	0
134 	12 	10 	G 	G 	1.0 	8 	B 	B 	1.0 	[1, 0] 	9 	0
135 	12 	10 	G 	G 	1.0 	8 	B 	B 	1.0 	[1, 0] 	1.5 	0
136 	12 	10 	G 	G 	1.0 	6 	B 	B 	1.0 	[-1, 0] 	3 	0
137 	12 	10 	B 	G 	0.0 	10 	G 	B 	0.0 	[-1, 0] 	3 	0
138 	12 	10 	G 	G 	1.0 	9 	B 	B 	1.0 	[-1, 0] 	3 	0
139 	12 	10 	B 	B 	1.0 	13 	G 	G 	1.0 	[1, 0] 	1.5 	0
140 	12 	10 	B 	B 	1.0 	13 	G 	G 	1.0 	[-1, 0] 	3 	0
141 	12 	10 	G 	G 	1.0 	8 	B 	B 	1.0 	[-1, 0] 	1.5 	0
142 	12 	10 	B 	G 	0.0 	10 	G 	B 	0.0 	[-1, 0] 	1.5 	0
143 	12 	10 	G 	G 	1.0 	9 	B 	B 	1.0 	[1, 0] 	3 	0
144 	12 	10 	G 	G 	1.0 	9 	B 	B 	1.0 	[1, 0] 	6.5 	0
145 	12 	10 	B 	G 	0.0 	10 	G 	B 	0.0 	[1, 0] 	9 	0
146 	12 	10 	G 	G 	1.0 	8 	B 	B 	1.0 	[-1, 0] 	1.5 	0
147 	12 	10 	B 	G 	0.0 	14 	G 	B 	0.0 	[-1, 0] 	9 	0
148 	12 	10 	B 	B 	1.0 	13 	G 	G 	1.0 	[-1, 0] 	1.5 	0
149 	12 	10 	G 	G 	1.0 	9 	B 	B 	1.0 	[-1, 0] 	1.5 	0
150 	12 	10 	B 	G 	0.0 	10 	G 	B 	0.0 	[1, 0] 	1.5 	0
151 	12 	10 	G 	G 	1.0 	6 	B 	B 	1.0 	[-1, 0] 	1.5 	0
152 	12 	10 	G 	G 	1.0 	7 	B 	B 	1.0 	[-1, 0] 	1.5 	0
153 	12 	10 	B 	B 	1.0 	13 	G 	G 	1.0 	[1, 0] 	6.5 	0
154 	12 	10 	G 	G 	1.0 	6 	B 	B 	1.0 	[1, 0] 	9 	0
155 	12 	10 	B 	G 	0.0 	10 	G 	B 	0.0 	[-1, 0] 	1.5 	0
156 	12 	10 	B 	B 	1.0 	10 	G 	G 	1.0 	[1, 0] 	6.5 	0
157 	12 	10 	B 	B 	1.0 	12 	G 	G 	1.0 	[-1, 0] 	3 	0
158 	12 	10 	G 	G 	1.0 	7 	B 	B 	1.0 	[-1, 0] 	3 	0
159 	12 	10 	B 	B 	1.0 	13 	G 	G 	1.0 	[-1, 0] 	6.5 	0
160 	12 	10 	G 	B 	0.0 	6 	B 	G 	0.0 	[1, 0] 	6.5 	0
161 	12 	10 	B 	B 	1.0 	12 	G 	G 	1.0 	[1, 0] 	3 	0
162 	12 	10 	G 	G 	1.0 	9 	B 	B 	1.0 	[-1, 0] 	9 	0
163 	12 	10 	B 	B 	1.0 	11 	G 	G 	1.0 	[1, 0] 	6.5 	0
164 	12 	10 	G 	G 	1.0 	9 	B 	B 	1.0 	[-1, 0] 	3 	0
165 	12 	10 	B 	B 	1.0 	14 	G 	G 	1.0 	[-1, 0] 	6.5 	0
166 	12 	10 	G 	G 	1.0 	8 	B 	B 	1.0 	[1, 0] 	3 	0
167 	12 	10 	G 	G 	1.0 	9 	B 	B 	1.0 	[1, 0] 	9 	0
168 	12 	10 	G 	G 	1.0 	6 	B 	B 	1.0 	[-1, 0] 	3 	0
169 	12 	10 	B 	G 	0.0 	14 	G 	B 	0.0 	[1, 0] 	9 	0
170 	12 	10 	G 	G 	1.0 	7 	B 	B 	1.0 	[1, 0] 	1.5 	0
171 	12 	10 	B 	G 	0.0 	10 	G 	B 	0.0 	[1, 0] 	3 	0
172 	12 	10 	G 	G 	1.0 	8 	B 	B 	1.0 	[1, 0] 	6.5 	0
173 	12 	10 	B 	B 	1.0 	13 	G 	G 	1.0 	[1, 0] 	3 	0
174 	12 	10 	G 	G 	1.0 	8 	B 	B 	1.0 	[-1, 0] 	9 	0
175 	12 	10 	G 	G 	1.0 	7 	B 	B 	1.0 	[1, 0] 	6.5 	0
176 	12 	10 	G 	G 	1.0 	7 	B 	B 	1.0 	[1, 0] 	3 	0
177 	12 	10 	G 	G 	1.0 	8 	B 	B 	1.0 	[-1, 0] 	3 	0
178 	12 	10 	B 	G 	0.0 	11 	G 	B 	0.0 	[1, 0] 	3 	0
179 	12 	10 	B 	B 	1.0 	14 	G 	G 	1.0 	[1, 0] 	3 	0
180 	12 	10 	B 	G 	0.0 	12 	G 	B 	0.0 	[-1, 0] 	9 	0
181 	12 	10 	B 	G 	0.0 	10 	G 	B 	0.0 	[-1, 0] 	3 	0
182 	12 	10 	G 	G 	1.0 	6 	B 	B 	1.0 	[1, 0] 	3 	0
183 	12 	10 	B 	B 	1.0 	14 	G 	G 	1.0 	[-1, 0] 	3 	0
184 	12 	10 	B 	B 	1.0 	10 	G 	G 	1.0 	[-1, 0] 	9 	0
185 	12 	10 	B 	G 	0.0 	12 	G 	B 	0.0 	[1, 0] 	9 	0
186 	12 	10 	B 	B 	1.0 	10 	G 	G 	1.0 	[-1, 0] 	6.5 	0
187 	12 	10 	B 	B 	1.0 	13 	G 	G 	1.0 	[1, 0] 	1.5 	0
188 	12 	10 	B 	B 	1.0 	11 	G 	G 	1.0 	[-1, 0] 	1.5 	0
189 	12 	10 	G 	G 	1.0 	6 	B 	B 	1.0 	[-1, 0] 	9 	0
190 	12 	10 	B 	G 	0.0 	11 	G 	B 	0.0 	[-1, 0] 	3 	0
191 	12 	10 	G 	G 	1.0 	8 	B 	B 	1.0 	[1, 0] 	9 	0
192 	12 	10 	G 	B 	0.0 	6 	B 	G 	0.0 	[-1, 0] 	6.5 	0
193 	12 	10 	B 	B 	1.0 	14 	G 	G 	1.0 	[1, 0] 	1.5 	0
194 	12 	10 	B 	B 	1.0 	13 	G 	G 	1.0 	[-1, 0] 	3 	0
195 	12 	10 	G 	G 	1.0 	9 	B 	B 	1.0 	[-1, 0] 	6.5 	0
196 	12 	10 	B 	G 	0.0 	12 	G 	B 	0.0 	[1, 0] 	6.5 	0
197 	12 	10 	G 	G 	1.0 	9 	B 	B 	1.0 	[1, 0] 	3 	0
198 	12 	10 	B 	G 	0.0 	11 	G 	B 	0.0 	[1, 0] 	1.5 	0
199 	12 	10 	G 	G 	1.0 	8 	B 	B 	1.0 	[-1, 0] 	6.5 	0
200 	12 	10 	B 	G 	0.0 	11 	G 	B 	0.0 	[1, 0] 	9 	0
201 	12 	10 	B 	B 	1.0 	12 	G 	G 	1.0 	[-1, 0] 	1.5 	0
202 	12 	10 	B 	G 	0.0 	11 	G 	B 	0.0 	[-1, 0] 	9 	0
203 	12 	10 	G 	G 	1.0 	7 	B 	B 	1.0 	[1, 0] 	9 	0
204 	12 	10 	B 	G 	0.0 	14 	G 	B 	0.0 	[1, 0] 	6.5 	0
205 	12 	10 	G 	G 	1.0 	8 	B 	B 	1.0 	[1, 0] 	1.5 	0
206 	12 	10 	G 	G 	1.0 	6 	B 	B 	1.0 	[1, 0] 	1.5 	0
207 	12 	10 	B 	G 	0.0 	13 	G 	B 	0.0 	[-1, 0] 	9 	0
208 	12 	10 	G 	G 	1.0 	7 	B 	B 	1.0 	[-1, 0] 	6.5 	0
209 	12 	10 	G 	G 	1.0 	9 	B 	B 	1.0 	[1, 0] 	1.5 	0
210 	12 	10 	B 	G 	0.0 	13 	G 	B 	0.0 	[1, 0] 	9 	0
211 	12 	10 	B 	G 	0.0 	12 	G 	B 	0.0 	[1, 0] 	1.5 	0
212 	12 	10 	B 	B 	1.0 	14 	G 	G 	1.0 	[-1, 0] 	1.5 	0
213 	12 	10 	B 	B 	1.0 	12 	G 	G 	1.0 	[-1, 0] 	6.5 	0
214 	12 	10 	B 	B 	1.0 	11 	G 	G 	1.0 	[-1, 0] 	6.5 	0
215 	12 	10 	G 	G 	1.0 	7 	B 	B 	1.0 	[-1, 0] 	9 	0
216 	12 	10 	G 	G 	1.0 	9 	B 	B 	1.0 	[-1, 0] 	6.5 	0
217 	12 	10 	B 	G 	0.0 	10 	G 	B 	0.0 	[1, 0] 	9 	0
218 	12 	10 	B 	G 	0.0 	10 	G 	B 	0.0 	[-1, 0] 	9 	0
219 	12 	10 	B 	G 	0.0 	10 	G 	B 	0.0 	[1, 0] 	1.5 	0
220 	12 	10 	G 	G 	1.0 	8 	B 	B 	1.0 	[-1, 0] 	6.5 	0
221 	12 	10 	G 	B 	0.0 	7 	B 	G 	0.0 	[-1, 0] 	6.5 	0
222 	12 	10 	G 	G 	1.0 	7 	B 	B 	1.0 	[1, 0] 	1.5 	0
223 	12 	10 	G 	G 	1.0 	8 	B 	B 	1.0 	[1, 0] 	9 	0
224 	12 	10 	G 	G 	1.0 	7 	B 	B 	1.0 	[-1, 0] 	1.5 	0
225 	12 	10 	B 	G 	0.0 	12 	G 	B 	0.0 	[-1, 0] 	9 	0
226 	12 	10 	B 	G 	0.0 	13 	G 	B 	0.0 	[1, 0] 	3 	0
227 	12 	10 	G 	G 	1.0 	6 	B 	B 	1.0 	[1, 0] 	1.5 	0
228 	12 	10 	B 	G 	0.0 	13 	G 	B 	0.0 	[1, 0] 	9 	0
229 	12 	10 	B 	G 	0.0 	14 	G 	B 	0.0 	[1, 0] 	9 	0
230 	12 	10 	B 	G 	0.0 	14 	G 	B 	0.0 	[-1, 0] 	9 	0
231 	12 	10 	B 	G 	0.0 	10 	G 	B 	0.0 	[1, 0] 	3 	0
232 	12 	10 	G 	G 	1.0 	8 	B 	B 	1.0 	[1, 0] 	3 	0
233 	12 	10 	G 	G 	1.0 	9 	B 	B 	1.0 	[1, 0] 	1.5 	0
234 	12 	10 	G 	G 	1.0 	6 	B 	B 	1.0 	[1, 0] 	3 	0
235 	12 	10 	B 	B 	1.0 	13 	G 	G 	1.0 	[1, 0] 	1.5 	0
236 	12 	10 	G 	G 	1.0 	7 	B 	B 	1.0 	[-1, 0] 	3 	0
237 	12 	10 	B 	G 	0.0 	11 	G 	B 	0.0 	[-1, 0] 	9 	0
238 	12 	10 	B 	G 	0.0 	10 	G 	B 	0.0 	[-1, 0] 	3 	0
239 	12 	10 	B 	B 	1.0 	13 	G 	G 	1.0 	[1, 0] 	6.5 	0
240 	12 	10 	B 	G 	0.0 	11 	G 	B 	0.0 	[-1, 0] 	3 	0
241 	12 	10 	G 	G 	1.0 	6 	B 	B 	1.0 	[1, 0] 	9 	0
242 	12 	10 	G 	G 	1.0 	9 	B 	B 	1.0 	[-1, 0] 	3 	0
243 	12 	10 	G 	G 	1.0 	7 	B 	B 	1.0 	[1, 0] 	6.5 	0
244 	12 	10 	G 	G 	1.0 	8 	B 	B 	1.0 	[-1, 0] 	9 	0
245 	12 	10 	B 	G 	0.0 	13 	G 	B 	0.0 	[-1, 0] 	9 	0
246 	12 	10 	G 	G 	1.0 	7 	B 	B 	1.0 	[1, 0] 	3 	0
247 	12 	10 	G 	G 	1.0 	6 	B 	B 	1.0 	[-1, 0] 	3 	0
248 	12 	10 	G 	G 	1.0 	8 	B 	B 	1.0 	[1, 0] 	6.5 	0
249 	12 	10 	B 	G 	0.0 	10 	G 	B 	0.0 	[-1, 0] 	6.5 	0
250 	12 	10 	G 	G 	1.0 	7 	B 	B 	1.0 	[-1, 0] 	9 	0
251 	12 	10 	B 	B 	1.0 	11 	G 	G 	1.0 	[-1, 0] 	6.5 	0
252 	12 	10 	G 	G 	1.0 	6 	B 	B 	1.0 	[-1, 0] 	9 	0
253 	12 	10 	G 	G 	1.0 	9 	B 	B 	1.0 	[1, 0] 	3 	0
254 	12 	10 	B 	B 	1.0 	12 	G 	G 	1.0 	[1, 0] 	9 	0
255 	12 	10 	B 	B 	1.0 	11 	G 	G 	1.0 	[1, 0] 	3 	0
256 	12 	10 	G 	B 	0.0 	6 	B 	G 	0.0 	[1, 0] 	6.5 	0
257 	12 	10 	B 	B 	1.0 	14 	G 	G 	1.0 	[1, 0] 	6.5 	0
258 	12 	10 	G 	G 	1.0 	9 	B 	B 	1.0 	[1, 0] 	9 	0
259 	12 	10 	B 	B 	1.0 	13 	G 	G 	1.0 	[-1, 0] 	3 	0
260 	12 	10 	B 	B 	1.0 	12 	G 	G 	1.0 	[-1, 0] 	1.5 	0
261 	12 	10 	B 	B 	1.0 	14 	G 	G 	1.0 	[1, 0] 	3 	0
262 	12 	10 	G 	G 	1.0 	7 	B 	B 	1.0 	[1, 0] 	9 	0
263 	12 	10 	B 	G 	0.0 	12 	G 	B 	0.0 	[-1, 0] 	3 	0
264 	12 	10 	G 	B 	0.0 	9 	B 	G 	0.0 	[1, 0] 	6.5 	0
265 	12 	10 	G 	G 	1.0 	6 	B 	B 	1.0 	[-1, 0] 	1.5 	0
266 	12 	10 	B 	B 	1.0 	10 	G 	G 	1.0 	[1, 0] 	6.5 	0
267 	12 	10 	G 	G 	1.0 	8 	B 	B 	1.0 	[1, 0] 	1.5 	0
268 	12 	10 	B 	G 	0.0 	12 	G 	B 	0.0 	[1, 0] 	3 	0
269 	12 	10 	B 	G 	0.0 	14 	G 	B 	0.0 	[-1, 0] 	6.5 	0
270 	12 	10 	B 	B 	1.0 	13 	G 	G 	1.0 	[-1, 0] 	1.5 	0
271 	12 	10 	G 	G 	1.0 	9 	B 	B 	1.0 	[-1, 0] 	1.5 	0
272 	12 	10 	B 	B 	1.0 	12 	G 	G 	1.0 	[-1, 0] 	6.5 	0
273 	12 	10 	B 	G 	0.0 	11 	G 	B 	0.0 	[1, 0] 	9 	0
274 	12 	10 	B 	B 	1.0 	14 	G 	G 	1.0 	[1, 0] 	1.5 	0
275 	12 	10 	B 	B 	1.0 	14 	G 	G 	1.0 	[-1, 0] 	1.5 	0
276 	12 	10 	G 	G 	1.0 	8 	B 	B 	1.0 	[-1, 0] 	1.5 	0
277 	12 	10 	B 	G 	0.0 	12 	G 	B 	0.0 	[1, 0] 	6.5 	0
278 	12 	10 	B 	B 	1.0 	11 	G 	G 	1.0 	[1, 0] 	6.5 	0
279 	12 	10 	B 	G 	0.0 	11 	G 	B 	0.0 	[1, 0] 	1.5 	0
280 	12 	10 	B 	G 	0.0 	12 	G 	B 	0.0 	[1, 0] 	1.5 	0
281 	12 	10 	G 	G 	1.0 	8 	B 	B 	1.0 	[-1, 0] 	3 	0
282 	12 	10 	G 	G 	1.0 	9 	B 	B 	1.0 	[-1, 0] 	9 	0
283 	12 	10 	B 	B 	1.0 	10 	G 	G 	1.0 	[-1, 0] 	1.5 	0
284 	12 	10 	B 	B 	1.0 	14 	G 	G 	1.0 	[-1, 0] 	3 	0
285 	12 	10 	B 	B 	1.0 	11 	G 	G 	1.0 	[-1, 0] 	1.5 	0
286 	12 	10 	G 	G 	1.0 	6 	B 	B 	1.0 	[-1, 0] 	6.5 	0
287 	12 	10 	B 	G 	0.0 	13 	G 	B 	0.0 	[-1, 0] 	6.5 	0
288 	12 	10 	G 	G 	1.0 	9 	B 	B 	1.0 	[-1, 0] 	1.5 	0
289 	12 	10 	G 	G 	1.0 	7 	B 	B 	1.0 	[1, 0] 	3 	0
290 	12 	10 	B 	G 	0.0 	13 	G 	B 	0.0 	[1, 0] 	9 	0
291 	12 	10 	G 	G 	1.0 	8 	B 	B 	1.0 	[-1, 0] 	3 	0
292 	12 	10 	B 	B 	1.0 	14 	G 	G 	1.0 	[1, 0] 	1.5 	0
293 	12 	10 	B 	G 	0.0 	10 	G 	B 	0.0 	[1, 0] 	1.5 	0
294 	12 	10 	G 	G 	1.0 	6 	B 	B 	1.0 	[-1, 0] 	9 	0
295 	12 	10 	G 	B 	0.0 	6 	B 	G 	0.0 	[-1, 0] 	6.5 	0
296 	12 	10 	B 	B 	1.0 	12 	G 	G 	1.0 	[1, 0] 	1.5 	0
297 	12 	10 	B 	B 	1.0 	14 	G 	G 	1.0 	[-1, 0] 	3 	0
298 	12 	10 	G 	G 	1.0 	8 	B 	B 	1.0 	[-1, 0] 	9 	0
299 	12 	10 	G 	G 	1.0 	9 	B 	B 	1.0 	[1, 0] 	9 	0
300 	12 	10 	B 	G 	0.0 	10 	G 	B 	0.0 	[-1, 0] 	9 	0
301 	12 	10 	B 	G 	0.0 	11 	G 	B 	0.0 	[-1, 0] 	9 	0
302 	12 	10 	B 	B 	1.0 	14 	G 	G 	1.0 	[1, 0] 	3 	0
303 	12 	10 	B 	B 	1.0 	12 	G 	G 	1.0 	[1, 0] 	6.5 	0
304 	12 	10 	B 	G 	0.0 	11 	G 	B 	0.0 	[1, 0] 	3 	0
305 	12 	10 	G 	G 	1.0 	9 	B 	B 	1.0 	[-1, 0] 	3 	0
306 	12 	10 	G 	G 	1.0 	7 	B 	B 	1.0 	[-1, 0] 	9 	0
307 	12 	10 	G 	G 	1.0 	7 	B 	B 	1.0 	[1, 0] 	9 	0
308 	12 	10 	G 	G 	1.0 	6 	B 	B 	1.0 	[1, 0] 	6.5 	0
309 	12 	10 	B 	G 	0.0 	11 	G 	B 	0.0 	[-1, 0] 	3 	0
310 	12 	10 	B 	G 	0.0 	11 	G 	B 	0.0 	[1, 0] 	9 	0
311 	12 	10 	G 	G 	1.0 	9 	B 	B 	1.0 	[-1, 0] 	6.5 	0
312 	12 	10 	G 	G 	1.0 	6 	B 	B 	1.0 	[1, 0] 	9 	0
313 	12 	10 	B 	G 	0.0 	10 	G 	B 	0.0 	[-1, 0] 	1.5 	0
314 	12 	10 	B 	G 	0.0 	13 	G 	B 	0.0 	[1, 0] 	3 	0
315 	12 	10 	G 	G 	1.0 	7 	B 	B 	1.0 	[-1, 0] 	6.5 	0
316 	12 	10 	G 	G 	1.0 	6 	B 	B 	1.0 	[1, 0] 	3 	0
317 	12 	10 	B 	G 	0.0 	11 	G 	B 	0.0 	[-1, 0] 	1.5 	0
318 	12 	10 	B 	G 	0.0 	12 	G 	B 	0.0 	[-1, 0] 	3 	0
319 	12 	10 	B 	G 	0.0 	10 	G 	B 	0.0 	[-1, 0] 	6.5 	0
320 	12 	10 	G 	G 	1.0 	7 	B 	B 	1.0 	[-1, 0] 	1.5 	0
321 	12 	10 	B 	G 	0.0 	10 	G 	B 	0.0 	[1, 0] 	3 	0
322 	12 	10 	B 	B 	1.0 	14 	G 	G 	1.0 	[-1, 0] 	1.5 	0
323 	12 	10 	G 	G 	1.0 	6 	B 	B 	1.0 	[-1, 0] 	3 	0
324 	12 	10 	G 	G 	1.0 	7 	B 	B 	1.0 	[1, 0] 	1.5 	0
325 	12 	10 	B 	G 	0.0 	10 	G 	B 	0.0 	[-1, 0] 	3 	0
326 	12 	10 	G 	G 	1.0 	8 	B 	B 	1.0 	[1, 0] 	6.5 	0
327 	12 	10 	B 	B 	1.0 	12 	G 	G 	1.0 	[-1, 0] 	9 	0
328 	12 	10 	B 	B 	1.0 	14 	G 	G 	1.0 	[-1, 0] 	6.5 	0
329 	12 	10 	B 	B 	1.0 	11 	G 	G 	1.0 	[-1, 0] 	6.5 	0
330 	12 	10 	B 	G 	0.0 	10 	G 	B 	0.0 	[1, 0] 	9 	0
331 	12 	10 	G 	G 	1.0 	8 	B 	B 	1.0 	[-1, 0] 	1.5 	0
332 	12 	10 	B 	G 	0.0 	12 	G 	B 	0.0 	[1, 0] 	3 	0
333 	12 	10 	B 	B 	1.0 	13 	G 	G 	1.0 	[-1, 0] 	6.5 	0
334 	12 	10 	G 	G 	1.0 	7 	B 	B 	1.0 	[1, 0] 	6.5 	0
335 	12 	10 	B 	G 	0.0 	13 	G 	B 	0.0 	[-1, 0] 	9 	0
336 	12 	10 	G 	G 	1.0 	6 	B 	B 	1.0 	[1, 0] 	1.5 	0
337 	12 	10 	B 	B 	1.0 	11 	G 	G 	1.0 	[1, 0] 	1.5 	0
338 	12 	10 	B 	G 	0.0 	12 	G 	B 	0.0 	[1, 0] 	9 	0
339 	12 	10 	G 	G 	1.0 	9 	B 	B 	1.0 	[1, 0] 	3 	0
340 	12 	10 	G 	G 	1.0 	6 	B 	B 	1.0 	[-1, 0] 	1.5 	0
341 	12 	10 	B 	G 	0.0 	14 	G 	B 	0.0 	[-1, 0] 	9 	0
342 	12 	10 	G 	G 	1.0 	9 	B 	B 	1.0 	[1, 0] 	6.5 	0
343 	12 	10 	B 	G 	0.0 	14 	G 	B 	0.0 	[1, 0] 	9 	0
344 	12 	10 	B 	B 	1.0 	13 	G 	G 	1.0 	[-1, 0] 	1.5 	0
345 	12 	10 	G 	G 	1.0 	8 	B 	B 	1.0 	[1, 0] 	9 	0
346 	12 	10 	B 	G 	0.0 	11 	G 	B 	0.0 	[1, 0] 	6.5 	0
347 	12 	10 	G 	G 	1.0 	9 	B 	B 	1.0 	[-1, 0] 	9 	0
348 	12 	10 	G 	G 	1.0 	7 	B 	B 	1.0 	[-1, 0] 	3 	0
349 	12 	10 	G 	G 	1.0 	9 	B 	B 	1.0 	[1, 0] 	1.5 	0
350 	12 	10 	B 	B 	1.0 	13 	G 	G 	1.0 	[-1, 0] 	3 	0
351 	12 	10 	G 	G 	1.0 	8 	B 	B 	1.0 	[1, 0] 	1.5 	0
352 	12 	10 	B 	G 	0.0 	13 	G 	B 	0.0 	[1, 0] 	1.5 	0
353 	12 	10 	B 	B 	1.0 	13 	G 	G 	1.0 	[1, 0] 	6.5 	0
354 	12 	10 	B 	G 	0.0 	12 	G 	B 	0.0 	[-1, 0] 	6.5 	0
355 	12 	10 	G 	G 	1.0 	8 	B 	B 	1.0 	[1, 0] 	3 	0
356 	12 	10 	B 	B 	1.0 	14 	G 	G 	1.0 	[1, 0] 	6.5 	0
357 	12 	10 	B 	B 	1.0 	12 	G 	G 	1.0 	[-1, 0] 	1.5 	0
358 	12 	10 	G 	G 	1.0 	8 	B 	B 	1.0 	[-1, 0] 	6.5 	0
359 	12 	10 	B 	B 	1.0 	10 	G 	G 	1.0 	[1, 0] 	6.5 	0
