trialnum	subject	answerPos0	answer0	response0	correct0	answerPos1	answer1	response1	correct1	cueSpatialPos	cueEccentricity	timingBlips
0 	21 	10 	B 	B 	1.0 	12 	G 	G 	1.0 	[-1, 0] 	1.5 	0
1 	21 	10 	G 	G 	1.0 	9 	B 	B 	1.0 	[1, 0] 	3 	0
2 	21 	10 	B 	B 	1.0 	14 	G 	G 	1.0 	[1, 0] 	1.5 	0
3 	21 	10 	G 	G 	1.0 	9 	B 	B 	1.0 	[-1, 0] 	1.5 	0
4 	21 	10 	G 	G 	1.0 	7 	B 	B 	1.0 	[1, 0] 	9 	0
5 	21 	10 	B 	B 	1.0 	11 	G 	G 	1.0 	[1, 0] 	6.5 	0
6 	21 	10 	G 	B 	0.0 	7 	B 	G 	0.0 	[-1, 0] 	9 	0
7 	21 	10 	G 	G 	1.0 	7 	B 	B 	1.0 	[-1, 0] 	3 	0
8 	21 	10 	B 	B 	1.0 	13 	G 	G 	1.0 	[1, 0] 	1.5 	0
9 	21 	10 	G 	G 	1.0 	9 	B 	B 	1.0 	[-1, 0] 	9 	0
10 	21 	10 	G 	B 	0.0 	8 	B 	G 	0.0 	[1, 0] 	3 	0
11 	21 	10 	B 	G 	0.0 	13 	G 	B 	0.0 	[-1, 0] 	9 	0
12 	21 	10 	B 	G 	0.0 	10 	G 	B 	0.0 	[-1, 0] 	9 	0
13 	21 	10 	B 	B 	1.0 	12 	G 	G 	1.0 	[1, 0] 	1.5 	0
14 	21 	10 	B 	G 	0.0 	10 	G 	B 	0.0 	[1, 0] 	1.5 	0
15 	21 	10 	G 	G 	1.0 	6 	B 	B 	1.0 	[1, 0] 	9 	0
16 	21 	10 	B 	G 	0.0 	14 	G 	B 	0.0 	[-1, 0] 	1.5 	0
17 	21 	10 	B 	G 	0.0 	11 	G 	B 	0.0 	[-1, 0] 	9 	0
18 	21 	10 	G 	B 	0.0 	9 	B 	G 	0.0 	[1, 0] 	6.5 	0
19 	21 	10 	B 	B 	1.0 	10 	G 	G 	1.0 	[1, 0] 	6.5 	0
20 	21 	10 	G 	G 	1.0 	8 	B 	B 	1.0 	[-1, 0] 	6.5 	0
21 	21 	10 	B 	G 	0.0 	13 	G 	B 	0.0 	[-1, 0] 	6.5 	0
22 	21 	10 	G 	B 	0.0 	7 	B 	G 	0.0 	[-1, 0] 	6.5 	0
23 	21 	10 	B 	G 	0.0 	12 	G 	B 	0.0 	[-1, 0] 	3 	0
24 	21 	10 	G 	G 	1.0 	9 	B 	B 	1.0 	[-1, 0] 	3 	0
25 	21 	10 	B 	G 	0.0 	11 	G 	B 	0.0 	[-1, 0] 	3 	0
26 	21 	10 	B 	B 	1.0 	11 	G 	G 	1.0 	[-1, 0] 	1.5 	0
27 	21 	10 	B 	G 	0.0 	13 	G 	B 	0.0 	[1, 0] 	6.5 	0
28 	21 	10 	G 	B 	0.0 	7 	B 	G 	0.0 	[-1, 0] 	1.5 	0
29 	21 	10 	B 	G 	0.0 	10 	G 	B 	0.0 	[-1, 0] 	3 	0
30 	21 	10 	B 	G 	0.0 	10 	G 	B 	0.0 	[-1, 0] 	1.5 	0
31 	21 	10 	G 	G 	1.0 	8 	B 	B 	1.0 	[-1, 0] 	1.5 	0
32 	21 	10 	B 	B 	1.0 	14 	G 	G 	1.0 	[-1, 0] 	3 	0
33 	21 	10 	G 	B 	0.0 	9 	B 	G 	0.0 	[1, 0] 	1.5 	0
34 	21 	10 	G 	G 	1.0 	8 	B 	B 	1.0 	[1, 0] 	9 	0
35 	21 	10 	G 	G 	1.0 	7 	B 	B 	1.0 	[1, 0] 	3 	0
36 	21 	10 	B 	B 	1.0 	14 	G 	G 	1.0 	[1, 0] 	9 	0
37 	21 	10 	B 	B 	1.0 	12 	G 	G 	1.0 	[-1, 0] 	9 	0
38 	21 	10 	G 	G 	1.0 	7 	B 	B 	1.0 	[1, 0] 	1.5 	0
39 	21 	10 	G 	G 	1.0 	8 	B 	B 	1.0 	[-1, 0] 	3 	0
40 	21 	10 	B 	B 	1.0 	11 	G 	G 	1.0 	[1, 0] 	9 	0
41 	21 	10 	B 	G 	0.0 	10 	G 	B 	0.0 	[1, 0] 	3 	0
42 	21 	10 	B 	G 	0.0 	14 	G 	B 	0.0 	[-1, 0] 	9 	0
43 	21 	10 	G 	G 	1.0 	6 	B 	B 	1.0 	[-1, 0] 	9 	0
44 	21 	10 	B 	B 	1.0 	13 	G 	G 	1.0 	[-1, 0] 	3 	0
45 	21 	10 	B 	B 	1.0 	14 	G 	G 	1.0 	[1, 0] 	6.5 	0
46 	21 	10 	G 	G 	1.0 	6 	B 	B 	1.0 	[-1, 0] 	3 	0
47 	21 	10 	B 	B 	1.0 	12 	G 	G 	1.0 	[1, 0] 	6.5 	0
48 	21 	10 	B 	B 	1.0 	14 	G 	G 	1.0 	[-1, 0] 	6.5 	0
49 	21 	10 	G 	G 	1.0 	8 	B 	B 	1.0 	[1, 0] 	1.5 	0
50 	21 	10 	G 	B 	0.0 	6 	B 	G 	0.0 	[1, 0] 	1.5 	0
51 	21 	10 	B 	G 	0.0 	10 	G 	B 	0.0 	[1, 0] 	9 	0
52 	21 	10 	B 	B 	1.0 	11 	G 	G 	1.0 	[-1, 0] 	6.5 	0
53 	21 	10 	G 	G 	1.0 	6 	B 	B 	1.0 	[1, 0] 	6.5 	0
54 	21 	10 	B 	B 	1.0 	13 	G 	G 	1.0 	[1, 0] 	9 	0
55 	21 	10 	B 	B 	1.0 	11 	G 	G 	1.0 	[1, 0] 	1.5 	0
56 	21 	10 	G 	G 	1.0 	6 	B 	B 	1.0 	[-1, 0] 	6.5 	0
57 	21 	10 	G 	B 	0.0 	9 	B 	G 	0.0 	[1, 0] 	9 	0
58 	21 	10 	B 	B 	1.0 	12 	G 	G 	1.0 	[1, 0] 	3 	0
59 	21 	10 	B 	B 	1.0 	12 	G 	G 	1.0 	[1, 0] 	9 	0
60 	21 	10 	B 	B 	1.0 	10 	G 	G 	1.0 	[-1, 0] 	6.5 	0
61 	21 	10 	B 	B 	1.0 	14 	G 	G 	1.0 	[1, 0] 	3 	0
62 	21 	10 	G 	B 	0.0 	8 	B 	G 	0.0 	[1, 0] 	6.5 	0
63 	21 	10 	B 	B 	1.0 	12 	G 	G 	1.0 	[-1, 0] 	6.5 	0
64 	21 	10 	G 	G 	1.0 	6 	B 	B 	1.0 	[-1, 0] 	1.5 	0
65 	21 	10 	B 	B 	1.0 	11 	G 	G 	1.0 	[1, 0] 	3 	3
66 	21 	10 	G 	G 	1.0 	9 	B 	B 	1.0 	[-1, 0] 	6.5 	0
67 	21 	10 	B 	B 	1.0 	13 	G 	G 	1.0 	[1, 0] 	3 	0
68 	21 	10 	G 	G 	1.0 	6 	B 	B 	1.0 	[1, 0] 	3 	0
69 	21 	10 	G 	G 	1.0 	8 	B 	B 	1.0 	[-1, 0] 	9 	0
70 	21 	10 	B 	B 	1.0 	13 	G 	G 	1.0 	[-1, 0] 	1.5 	0
71 	21 	10 	G 	G 	1.0 	7 	B 	B 	1.0 	[1, 0] 	6.5 	0
72 	21 	10 	B 	B 	1.0 	13 	G 	G 	1.0 	[1, 0] 	3 	0
73 	21 	10 	B 	B 	1.0 	10 	G 	G 	1.0 	[-1, 0] 	1.5 	0
74 	21 	10 	B 	B 	1.0 	11 	G 	G 	1.0 	[1, 0] 	1.5 	0
75 	21 	10 	G 	G 	1.0 	7 	B 	B 	1.0 	[1, 0] 	1.5 	0
76 	21 	10 	B 	G 	0.0 	11 	G 	B 	0.0 	[1, 0] 	9 	0
77 	21 	10 	B 	B 	1.0 	11 	G 	G 	1.0 	[-1, 0] 	6.5 	0
78 	21 	10 	B 	B 	1.0 	10 	G 	G 	1.0 	[1, 0] 	9 	0
79 	21 	10 	G 	G 	1.0 	7 	B 	B 	1.0 	[1, 0] 	6.5 	0
80 	21 	10 	G 	B 	0.0 	8 	B 	G 	0.0 	[1, 0] 	1.5 	0
81 	21 	10 	G 	G 	1.0 	9 	B 	B 	1.0 	[1, 0] 	1.5 	0
82 	21 	10 	B 	G 	0.0 	11 	G 	B 	0.0 	[1, 0] 	6.5 	0
83 	21 	10 	G 	G 	1.0 	8 	B 	B 	1.0 	[1, 0] 	9 	0
84 	21 	10 	G 	B 	0.0 	9 	B 	G 	0.0 	[1, 0] 	9 	0
85 	21 	10 	B 	B 	1.0 	14 	G 	G 	1.0 	[1, 0] 	3 	0
86 	21 	10 	B 	B 	1.0 	13 	G 	G 	1.0 	[-1, 0] 	3 	0
87 	21 	10 	B 	G 	0.0 	14 	G 	B 	0.0 	[1, 0] 	6.5 	0
88 	21 	10 	B 	B 	1.0 	10 	G 	G 	1.0 	[-1, 0] 	9 	0
89 	21 	10 	G 	B 	0.0 	8 	B 	G 	0.0 	[-1, 0] 	3 	0
90 	21 	10 	G 	G 	1.0 	6 	B 	B 	1.0 	[-1, 0] 	9 	0
91 	21 	10 	B 	B 	1.0 	13 	G 	G 	1.0 	[-1, 0] 	1.5 	0
92 	21 	10 	G 	G 	1.0 	9 	B 	B 	1.0 	[-1, 0] 	3 	0
93 	21 	10 	G 	B 	0.0 	6 	B 	G 	0.0 	[1, 0] 	3 	0
94 	21 	10 	B 	B 	1.0 	12 	G 	G 	1.0 	[-1, 0] 	9 	0
95 	21 	10 	B 	G 	0.0 	13 	G 	B 	0.0 	[1, 0] 	1.5 	0
96 	21 	10 	G 	G 	1.0 	7 	B 	B 	1.0 	[-1, 0] 	3 	0
97 	21 	10 	G 	G 	1.0 	7 	B 	B 	1.0 	[1, 0] 	3 	0
98 	21 	10 	G 	B 	0.0 	9 	B 	G 	0.0 	[-1, 0] 	6.5 	0
99 	21 	10 	B 	G 	0.0 	10 	G 	B 	0.0 	[-1, 0] 	3 	0
100 	21 	10 	B 	B 	1.0 	12 	G 	G 	1.0 	[1, 0] 	1.5 	0
101 	21 	10 	B 	B 	1.0 	12 	G 	G 	1.0 	[1, 0] 	9 	0
102 	21 	10 	B 	B 	1.0 	13 	G 	G 	1.0 	[-1, 0] 	9 	0
103 	21 	10 	B 	B 	1.0 	14 	G 	G 	1.0 	[1, 0] 	1.5 	0
104 	21 	10 	B 	B 	1.0 	13 	G 	G 	1.0 	[1, 0] 	6.5 	0
105 	21 	10 	B 	G 	0.0 	10 	G 	B 	0.0 	[1, 0] 	6.5 	0
106 	21 	10 	G 	G 	1.0 	7 	B 	B 	1.0 	[-1, 0] 	9 	0
107 	21 	10 	G 	G 	1.0 	9 	B 	B 	1.0 	[-1, 0] 	9 	0
108 	21 	10 	B 	G 	0.0 	12 	G 	B 	0.0 	[-1, 0] 	6.5 	0
109 	21 	10 	G 	G 	1.0 	7 	B 	B 	1.0 	[1, 0] 	9 	0
110 	21 	10 	G 	G 	1.0 	6 	B 	B 	1.0 	[-1, 0] 	6.5 	0
111 	21 	10 	B 	B 	1.0 	11 	G 	G 	1.0 	[1, 0] 	3 	0
112 	21 	10 	B 	B 	1.0 	10 	G 	G 	1.0 	[-1, 0] 	6.5 	0
113 	21 	10 	B 	G 	0.0 	12 	G 	B 	0.0 	[1, 0] 	6.5 	0
114 	21 	10 	G 	B 	0.0 	6 	B 	G 	0.0 	[1, 0] 	6.5 	0
115 	21 	10 	G 	G 	1.0 	6 	B 	B 	1.0 	[-1, 0] 	1.5 	0
116 	21 	10 	B 	B 	1.0 	10 	G 	G 	1.0 	[1, 0] 	1.5 	0
117 	21 	10 	G 	G 	1.0 	8 	B 	B 	1.0 	[-1, 0] 	1.5 	0
118 	21 	10 	G 	G 	1.0 	7 	B 	B 	1.0 	[-1, 0] 	6.5 	0
119 	21 	10 	B 	B 	1.0 	14 	G 	G 	1.0 	[1, 0] 	9 	0
120 	21 	10 	G 	B 	0.0 	9 	B 	G 	0.0 	[1, 0] 	6.5 	0
121 	21 	10 	B 	B 	1.0 	14 	G 	G 	1.0 	[-1, 0] 	3 	0
122 	21 	10 	G 	G 	1.0 	8 	B 	B 	1.0 	[-1, 0] 	6.5 	0
123 	21 	10 	B 	B 	1.0 	12 	G 	G 	1.0 	[1, 0] 	3 	0
124 	21 	10 	B 	G 	0.0 	14 	G 	B 	0.0 	[-1, 0] 	1.5 	0
125 	21 	10 	B 	G 	0.0 	11 	G 	B 	0.0 	[-1, 0] 	1.5 	0
126 	21 	10 	B 	G 	0.0 	12 	G 	B 	0.0 	[-1, 0] 	3 	0
127 	21 	10 	B 	B 	1.0 	14 	G 	G 	1.0 	[-1, 0] 	6.5 	0
128 	21 	10 	G 	G 	1.0 	8 	B 	B 	1.0 	[-1, 0] 	9 	0
129 	21 	10 	G 	B 	0.0 	8 	B 	G 	0.0 	[1, 0] 	6.5 	0
130 	21 	10 	B 	B 	1.0 	12 	G 	G 	1.0 	[-1, 0] 	1.5 	0
131 	21 	10 	B 	B 	1.0 	14 	G 	G 	1.0 	[-1, 0] 	9 	0
132 	21 	10 	G 	G 	1.0 	9 	B 	B 	1.0 	[1, 0] 	3 	0
133 	21 	10 	G 	G 	1.0 	6 	B 	B 	1.0 	[1, 0] 	1.5 	0
134 	21 	10 	B 	G 	0.0 	13 	G 	B 	0.0 	[1, 0] 	9 	0
135 	21 	10 	B 	G 	0.0 	11 	G 	B 	0.0 	[-1, 0] 	3 	0
136 	21 	10 	G 	G 	1.0 	6 	B 	B 	1.0 	[1, 0] 	9 	0
137 	21 	10 	G 	G 	1.0 	9 	B 	B 	1.0 	[-1, 0] 	1.5 	0
138 	21 	10 	B 	G 	0.0 	10 	G 	B 	0.0 	[1, 0] 	3 	0
139 	21 	10 	G 	G 	1.0 	6 	B 	B 	1.0 	[-1, 0] 	3 	0
140 	21 	10 	B 	B 	1.0 	13 	G 	G 	1.0 	[-1, 0] 	6.5 	0
141 	21 	10 	G 	G 	1.0 	7 	B 	B 	1.0 	[-1, 0] 	1.5 	0
142 	21 	10 	B 	G 	0.0 	11 	G 	B 	0.0 	[-1, 0] 	9 	0
143 	21 	10 	G 	G 	1.0 	8 	B 	B 	1.0 	[1, 0] 	3 	0
144 	21 	10 	B 	B 	1.0 	13 	G 	G 	1.0 	[-1, 0] 	1.5 	0
145 	21 	10 	G 	G 	1.0 	8 	B 	B 	1.0 	[1, 0] 	3 	0
146 	21 	10 	B 	B 	1.0 	13 	G 	G 	1.0 	[1, 0] 	1.5 	0
147 	21 	10 	G 	G 	1.0 	7 	B 	B 	1.0 	[1, 0] 	6.5 	0
148 	21 	10 	B 	B 	1.0 	10 	G 	G 	1.0 	[1, 0] 	3 	0
149 	21 	10 	B 	B 	1.0 	14 	G 	G 	1.0 	[1, 0] 	9 	0
150 	21 	10 	G 	G 	1.0 	8 	B 	B 	1.0 	[-1, 0] 	9 	0
151 	21 	10 	G 	G 	1.0 	8 	B 	B 	1.0 	[-1, 0] 	3 	0
152 	21 	10 	G 	B 	0.0 	8 	B 	G 	0.0 	[-1, 0] 	6.5 	0
153 	21 	10 	G 	G 	1.0 	9 	B 	B 	1.0 	[1, 0] 	1.5 	0
154 	21 	10 	B 	G 	0.0 	11 	G 	B 	0.0 	[-1, 0] 	1.5 	0
155 	21 	10 	G 	G 	1.0 	9 	B 	B 	1.0 	[1, 0] 	3 	0
156 	21 	10 	G 	G 	1.0 	6 	B 	B 	1.0 	[-1, 0] 	9 	0
157 	21 	10 	B 	B 	1.0 	10 	G 	G 	1.0 	[1, 0] 	1.5 	0
158 	21 	10 	B 	B 	1.0 	11 	G 	G 	1.0 	[1, 0] 	3 	0
159 	21 	10 	G 	G 	1.0 	7 	B 	B 	1.0 	[-1, 0] 	6.5 	0
160 	21 	10 	G 	B 	0.0 	9 	B 	G 	0.0 	[1, 0] 	6.5 	3
161 	21 	10 	B 	B 	1.0 	12 	G 	G 	1.0 	[-1, 0] 	6.5 	0
162 	21 	10 	G 	G 	1.0 	8 	B 	B 	1.0 	[1, 0] 	6.5 	0
163 	21 	10 	G 	B 	0.0 	8 	B 	G 	0.0 	[1, 0] 	1.5 	0
164 	21 	10 	G 	G 	1.0 	7 	B 	B 	1.0 	[-1, 0] 	9 	0
165 	21 	10 	G 	G 	1.0 	7 	B 	B 	1.0 	[-1, 0] 	1.5 	0
166 	21 	10 	B 	G 	0.0 	11 	G 	B 	0.0 	[-1, 0] 	9 	0
167 	21 	10 	B 	B 	1.0 	11 	G 	G 	1.0 	[1, 0] 	1.5 	0
168 	21 	10 	B 	B 	1.0 	12 	G 	G 	1.0 	[1, 0] 	6.5 	0
169 	21 	10 	G 	G 	1.0 	7 	B 	B 	1.0 	[1, 0] 	1.5 	0
170 	21 	10 	B 	B 	1.0 	13 	G 	G 	1.0 	[-1, 0] 	6.5 	0
171 	21 	10 	B 	B 	1.0 	11 	G 	G 	1.0 	[-1, 0] 	6.5 	0
172 	21 	10 	B 	G 	0.0 	10 	G 	B 	0.0 	[1, 0] 	9 	0
173 	21 	10 	G 	G 	1.0 	7 	B 	B 	1.0 	[1, 0] 	9 	0
174 	21 	10 	B 	G 	0.0 	10 	G 	B 	0.0 	[-1, 0] 	1.5 	0
175 	21 	10 	B 	B 	1.0 	14 	G 	G 	1.0 	[-1, 0] 	6.5 	0
176 	21 	10 	B 	B 	1.0 	10 	G 	G 	1.0 	[-1, 0] 	9 	0
177 	21 	10 	G 	G 	1.0 	8 	B 	B 	1.0 	[-1, 0] 	1.5 	0
178 	21 	10 	G 	G 	1.0 	6 	B 	B 	1.0 	[-1, 0] 	1.5 	0
179 	21 	10 	G 	G 	1.0 	6 	B 	B 	1.0 	[-1, 0] 	6.5 	0
180 	21 	10 	B 	G 	0.0 	10 	G 	B 	0.0 	[-1, 0] 	6.5 	0
181 	21 	10 	B 	B 	1.0 	12 	G 	G 	1.0 	[1, 0] 	9 	0
182 	21 	10 	G 	G 	1.0 	9 	B 	B 	1.0 	[-1, 0] 	6.5 	0
183 	21 	10 	G 	B 	0.0 	9 	B 	G 	0.0 	[-1, 0] 	1.5 	0
184 	21 	10 	G 	G 	1.0 	6 	B 	B 	1.0 	[-1, 0] 	3 	0
185 	21 	10 	G 	G 	1.0 	7 	B 	B 	1.0 	[1, 0] 	3 	0
186 	21 	10 	B 	B 	1.0 	13 	G 	G 	1.0 	[1, 0] 	9 	0
187 	21 	10 	B 	B 	1.0 	11 	G 	G 	1.0 	[1, 0] 	6.5 	0
188 	21 	10 	G 	G 	1.0 	9 	B 	B 	1.0 	[1, 0] 	9 	0
189 	21 	10 	B 	B 	1.0 	13 	G 	G 	1.0 	[1, 0] 	6.5 	0
190 	21 	10 	B 	B 	1.0 	13 	G 	G 	1.0 	[1, 0] 	3 	0
191 	21 	10 	G 	G 	1.0 	8 	B 	B 	1.0 	[1, 0] 	9 	0
192 	21 	10 	B 	G 	0.0 	12 	G 	B 	0.0 	[-1, 0] 	9 	0
193 	21 	10 	B 	B 	1.0 	14 	G 	G 	1.0 	[1, 0] 	3 	0
194 	21 	10 	B 	G 	0.0 	14 	G 	B 	0.0 	[1, 0] 	6.5 	0
195 	21 	10 	G 	G 	1.0 	9 	B 	B 	1.0 	[-1, 0] 	3 	0
196 	21 	10 	G 	G 	1.0 	7 	B 	B 	1.0 	[-1, 0] 	3 	0
197 	21 	10 	B 	B 	1.0 	12 	G 	G 	1.0 	[-1, 0] 	1.5 	0
198 	21 	10 	G 	G 	1.0 	6 	B 	B 	1.0 	[1, 0] 	9 	0
199 	21 	10 	G 	G 	1.0 	9 	B 	B 	1.0 	[-1, 0] 	9 	0
200 	21 	10 	G 	B 	0.0 	6 	B 	G 	0.0 	[1, 0] 	1.5 	0
201 	21 	10 	G 	G 	1.0 	6 	B 	B 	1.0 	[1, 0] 	3 	0
202 	21 	10 	B 	G 	0.0 	11 	G 	B 	0.0 	[1, 0] 	9 	0
203 	21 	10 	B 	B 	1.0 	14 	G 	G 	1.0 	[-1, 0] 	1.5 	0
204 	21 	10 	G 	G 	1.0 	6 	B 	B 	1.0 	[1, 0] 	6.5 	0
205 	21 	10 	B 	G 	0.0 	10 	G 	B 	0.0 	[-1, 0] 	3 	0
206 	21 	10 	B 	B 	1.0 	14 	G 	G 	1.0 	[-1, 0] 	3 	0
207 	21 	10 	B 	B 	1.0 	13 	G 	G 	1.0 	[-1, 0] 	3 	0
208 	21 	10 	B 	B 	1.0 	10 	G 	G 	1.0 	[1, 0] 	6.5 	0
209 	21 	10 	B 	B 	1.0 	14 	G 	G 	1.0 	[1, 0] 	1.5 	0
210 	21 	10 	B 	B 	1.0 	12 	G 	G 	1.0 	[-1, 0] 	3 	0
211 	21 	10 	B 	B 	1.0 	12 	G 	G 	1.0 	[1, 0] 	3 	0
212 	21 	10 	B 	B 	1.0 	11 	G 	G 	1.0 	[-1, 0] 	3 	0
213 	21 	10 	B 	B 	1.0 	12 	G 	G 	1.0 	[1, 0] 	1.5 	0
214 	21 	10 	B 	G 	0.0 	13 	G 	B 	0.0 	[-1, 0] 	9 	0
215 	21 	10 	B 	G 	0.0 	14 	G 	B 	0.0 	[-1, 0] 	9 	0
216 	21 	10 	G 	G 	1.0 	7 	B 	B 	1.0 	[-1, 0] 	6.5 	0
217 	21 	10 	B 	B 	1.0 	14 	G 	G 	1.0 	[1, 0] 	9 	0
218 	21 	10 	G 	G 	1.0 	7 	B 	B 	1.0 	[1, 0] 	3 	0
219 	21 	10 	B 	G 	0.0 	10 	G 	B 	0.0 	[1, 0] 	3 	0
220 	21 	10 	B 	B 	1.0 	13 	G 	G 	1.0 	[-1, 0] 	9 	0
221 	21 	10 	B 	B 	1.0 	11 	G 	G 	1.0 	[-1, 0] 	6.5 	0
222 	21 	10 	B 	G 	0.0 	10 	G 	B 	0.0 	[-1, 0] 	1.5 	0
223 	21 	10 	G 	B 	0.0 	7 	B 	G 	0.0 	[1, 0] 	6.5 	0
224 	21 	10 	B 	B 	1.0 	13 	G 	G 	1.0 	[1, 0] 	9 	0
225 	21 	10 	G 	G 	1.0 	6 	B 	B 	1.0 	[-1, 0] 	9 	0
226 	21 	10 	B 	B 	1.0 	13 	G 	G 	1.0 	[-1, 0] 	3 	0
227 	21 	10 	B 	B 	1.0 	11 	G 	G 	1.0 	[1, 0] 	9 	0
228 	21 	10 	B 	G 	0.0 	12 	G 	B 	0.0 	[1, 0] 	6.5 	0
229 	21 	10 	B 	B 	1.0 	10 	G 	G 	1.0 	[-1, 0] 	6.5 	0
230 	21 	10 	G 	G 	1.0 	6 	B 	B 	1.0 	[-1, 0] 	1.5 	0
231 	21 	10 	B 	G 	0.0 	10 	G 	B 	0.0 	[-1, 0] 	3 	0
232 	21 	10 	G 	G 	1.0 	8 	B 	B 	1.0 	[-1, 0] 	3 	0
233 	21 	10 	B 	G 	0.0 	14 	G 	B 	0.0 	[-1, 0] 	9 	0
234 	21 	10 	B 	B 	1.0 	12 	G 	G 	1.0 	[1, 0] 	1.5 	0
235 	21 	10 	B 	G 	0.0 	13 	G 	B 	0.0 	[-1, 0] 	6.5 	0
236 	21 	10 	G 	G 	1.0 	9 	B 	B 	1.0 	[-1, 0] 	3 	0
237 	21 	10 	B 	B 	1.0 	14 	G 	G 	1.0 	[-1, 0] 	3 	0
238 	21 	10 	B 	B 	1.0 	11 	G 	G 	1.0 	[-1, 0] 	3 	0
239 	21 	10 	G 	G 	1.0 	8 	B 	B 	1.0 	[1, 0] 	3 	0
240 	21 	10 	G 	G 	1.0 	8 	B 	B 	1.0 	[1, 0] 	9 	0
241 	21 	10 	G 	G 	1.0 	9 	B 	B 	1.0 	[1, 0] 	1.5 	0
242 	21 	10 	B 	B 	1.0 	14 	G 	G 	1.0 	[1, 0] 	1.5 	0
243 	21 	10 	B 	B 	1.0 	14 	G 	G 	1.0 	[-1, 0] 	1.5 	0
244 	21 	10 	B 	G 	0.0 	10 	G 	B 	0.0 	[1, 0] 	6.5 	0
245 	21 	10 	B 	B 	1.0 	11 	G 	G 	1.0 	[1, 0] 	3 	0
246 	21 	10 	B 	B 	1.0 	14 	G 	G 	1.0 	[-1, 0] 	6.5 	0
247 	21 	10 	G 	B 	0.0 	9 	B 	G 	0.0 	[-1, 0] 	1.5 	0
248 	21 	10 	G 	G 	1.0 	8 	B 	B 	1.0 	[1, 0] 	6.5 	0
249 	21 	10 	B 	B 	1.0 	13 	G 	G 	1.0 	[1, 0] 	6.5 	0
250 	21 	10 	B 	B 	1.0 	12 	G 	G 	1.0 	[-1, 0] 	6.5 	0
251 	21 	10 	B 	B 	1.0 	13 	G 	G 	1.0 	[1, 0] 	3 	0
252 	21 	10 	G 	B 	0.0 	9 	B 	G 	0.0 	[-1, 0] 	6.5 	0
253 	21 	10 	G 	B 	0.0 	9 	B 	G 	0.0 	[1, 0] 	6.5 	0
254 	21 	10 	B 	G 	0.0 	11 	G 	B 	0.0 	[-1, 0] 	9 	0
255 	21 	10 	B 	B 	1.0 	14 	G 	G 	1.0 	[1, 0] 	6.5 	0
256 	21 	10 	B 	B 	1.0 	12 	G 	G 	1.0 	[1, 0] 	3 	0
257 	21 	10 	B 	B 	1.0 	14 	G 	G 	1.0 	[1, 0] 	3 	0
258 	21 	10 	G 	B 	0.0 	9 	B 	G 	0.0 	[1, 0] 	9 	0
259 	21 	10 	G 	G 	1.0 	7 	B 	B 	1.0 	[-1, 0] 	9 	0
260 	21 	10 	B 	B 	1.0 	12 	G 	G 	1.0 	[-1, 0] 	1.5 	0
261 	21 	10 	G 	G 	1.0 	7 	B 	B 	1.0 	[-1, 0] 	1.5 	0
262 	21 	10 	G 	G 	1.0 	8 	B 	B 	1.0 	[-1, 0] 	9 	0
263 	21 	10 	G 	B 	0.0 	6 	B 	G 	0.0 	[-1, 0] 	6.5 	0
264 	21 	10 	B 	B 	1.0 	12 	G 	G 	1.0 	[1, 0] 	9 	0
265 	21 	10 	G 	G 	1.0 	6 	B 	B 	1.0 	[1, 0] 	1.5 	0
266 	21 	10 	G 	G 	1.0 	7 	B 	B 	1.0 	[1, 0] 	9 	0
267 	21 	10 	B 	B 	1.0 	12 	G 	G 	1.0 	[-1, 0] 	3 	0
268 	21 	10 	G 	G 	1.0 	9 	B 	B 	1.0 	[1, 0] 	3 	0
269 	21 	10 	B 	G 	0.0 	10 	G 	B 	0.0 	[1, 0] 	9 	0
270 	21 	10 	B 	G 	0.0 	10 	G 	B 	0.0 	[1, 0] 	1.5 	0
271 	21 	10 	G 	G 	1.0 	6 	B 	B 	1.0 	[1, 0] 	3 	0
272 	21 	10 	G 	G 	1.0 	6 	B 	B 	1.0 	[1, 0] 	6.5 	0
273 	21 	10 	G 	G 	1.0 	7 	B 	B 	1.0 	[1, 0] 	1.5 	0
274 	21 	10 	G 	B 	0.0 	8 	B 	G 	0.0 	[-1, 0] 	6.5 	0
275 	21 	10 	G 	G 	1.0 	6 	B 	B 	1.0 	[-1, 0] 	3 	0
276 	21 	10 	B 	B 	1.0 	11 	G 	G 	1.0 	[-1, 0] 	1.5 	0
277 	21 	10 	B 	G 	0.0 	11 	G 	B 	0.0 	[1, 0] 	1.5 	0
278 	21 	10 	B 	G 	0.0 	10 	G 	B 	0.0 	[-1, 0] 	9 	0
279 	21 	10 	B 	G 	0.0 	12 	G 	B 	0.0 	[-1, 0] 	9 	0
280 	21 	10 	G 	G 	1.0 	7 	B 	B 	1.0 	[-1, 0] 	3 	0
281 	21 	10 	G 	B 	0.0 	8 	B 	G 	0.0 	[-1, 0] 	1.5 	0
282 	21 	10 	B 	B 	1.0 	13 	G 	G 	1.0 	[1, 0] 	1.5 	0
283 	21 	10 	B 	B 	1.0 	11 	G 	G 	1.0 	[1, 0] 	6.5 	0
284 	21 	10 	G 	G 	1.0 	8 	B 	B 	1.0 	[1, 0] 	1.5 	0
285 	21 	10 	G 	G 	1.0 	6 	B 	B 	1.0 	[1, 0] 	9 	0
286 	21 	10 	G 	G 	1.0 	9 	B 	B 	1.0 	[-1, 0] 	9 	0
287 	21 	10 	B 	B 	1.0 	13 	G 	G 	1.0 	[-1, 0] 	1.5 	0
288 	21 	10 	G 	G 	1.0 	7 	B 	B 	1.0 	[1, 0] 	3 	0
289 	21 	10 	B 	B 	1.0 	13 	G 	G 	1.0 	[1, 0] 	6.5 	0
290 	21 	10 	B 	G 	0.0 	14 	G 	B 	0.0 	[1, 0] 	9 	0
291 	21 	10 	G 	G 	1.0 	8 	B 	B 	1.0 	[1, 0] 	3 	0
292 	21 	10 	G 	G 	1.0 	8 	B 	B 	1.0 	[-1, 0] 	1.5 	0
293 	21 	10 	B 	B 	1.0 	12 	G 	G 	1.0 	[1, 0] 	9 	0
294 	21 	10 	B 	B 	1.0 	14 	G 	G 	1.0 	[-1, 0] 	9 	0
295 	21 	10 	B 	G 	0.0 	12 	G 	B 	0.0 	[1, 0] 	6.5 	0
296 	21 	10 	B 	B 	1.0 	11 	G 	G 	1.0 	[1, 0] 	1.5 	0
297 	21 	10 	G 	B 	0.0 	6 	B 	G 	0.0 	[-1, 0] 	6.5 	0
298 	21 	10 	G 	G 	1.0 	6 	B 	B 	1.0 	[1, 0] 	1.5 	0
299 	21 	10 	B 	B 	1.0 	13 	G 	G 	1.0 	[1, 0] 	1.5 	0
300 	21 	10 	B 	G 	0.0 	10 	G 	B 	0.0 	[1, 0] 	9 	0
301 	21 	10 	B 	G 	0.0 	11 	G 	B 	0.0 	[-1, 0] 	3 	0
302 	21 	10 	B 	B 	1.0 	14 	G 	G 	1.0 	[-1, 0] 	3 	0
303 	21 	10 	B 	G 	0.0 	11 	G 	B 	0.0 	[1, 0] 	3 	0
304 	21 	10 	B 	G 	0.0 	10 	G 	B 	0.0 	[-1, 0] 	9 	0
305 	21 	10 	G 	G 	1.0 	7 	B 	B 	1.0 	[1, 0] 	9 	0
306 	21 	10 	G 	B 	0.0 	9 	B 	G 	0.0 	[1, 0] 	1.5 	0
307 	21 	10 	B 	B 	1.0 	13 	G 	G 	1.0 	[1, 0] 	9 	0
308 	21 	10 	B 	G 	0.0 	13 	G 	B 	0.0 	[-1, 0] 	6.5 	0
309 	21 	10 	G 	G 	1.0 	6 	B 	B 	1.0 	[1, 0] 	6.5 	0
310 	21 	10 	B 	B 	1.0 	12 	G 	G 	1.0 	[1, 0] 	3 	0
311 	21 	10 	B 	B 	1.0 	10 	G 	G 	1.0 	[1, 0] 	1.5 	0
312 	21 	10 	G 	G 	1.0 	7 	B 	B 	1.0 	[1, 0] 	1.5 	0
313 	21 	10 	G 	G 	1.0 	6 	B 	B 	1.0 	[1, 0] 	9 	0
314 	21 	10 	B 	B 	1.0 	13 	G 	G 	1.0 	[-1, 0] 	1.5 	0
315 	21 	10 	G 	G 	1.0 	9 	B 	B 	1.0 	[-1, 0] 	6.5 	0
316 	21 	10 	B 	G 	0.0 	12 	G 	B 	0.0 	[-1, 0] 	6.5 	0
317 	21 	10 	B 	B 	1.0 	12 	G 	G 	1.0 	[-1, 0] 	1.5 	0
318 	21 	10 	G 	G 	1.0 	9 	B 	B 	1.0 	[-1, 0] 	1.5 	0
319 	21 	10 	G 	G 	1.0 	7 	B 	B 	1.0 	[-1, 0] 	1.5 	0
320 	21 	10 	B 	G 	0.0 	10 	G 	B 	0.0 	[-1, 0] 	3 	0
321 	21 	10 	B 	B 	1.0 	12 	G 	G 	1.0 	[-1, 0] 	3 	0
322 	21 	10 	B 	G 	0.0 	12 	G 	B 	0.0 	[-1, 0] 	9 	0
323 	21 	10 	G 	G 	1.0 	7 	B 	B 	1.0 	[-1, 0] 	3 	0
324 	21 	10 	B 	B 	1.0 	14 	G 	G 	1.0 	[1, 0] 	1.5 	0
325 	21 	10 	G 	G 	1.0 	9 	B 	B 	1.0 	[-1, 0] 	9 	0
326 	21 	10 	B 	B 	1.0 	10 	G 	G 	1.0 	[-1, 0] 	1.5 	1
327 	21 	10 	G 	G 	1.0 	7 	B 	B 	1.0 	[1, 0] 	6.5 	0
328 	21 	10 	G 	G 	1.0 	9 	B 	B 	1.0 	[1, 0] 	3 	0
329 	21 	10 	B 	B 	1.0 	13 	G 	G 	1.0 	[1, 0] 	3 	0
330 	21 	10 	G 	G 	1.0 	6 	B 	B 	1.0 	[1, 0] 	3 	0
331 	21 	10 	B 	B 	1.0 	14 	G 	G 	1.0 	[-1, 0] 	1.5 	0
332 	21 	10 	G 	G 	1.0 	9 	B 	B 	1.0 	[1, 0] 	9 	0
333 	21 	10 	G 	G 	1.0 	7 	B 	B 	1.0 	[-1, 0] 	9 	0
334 	21 	10 	G 	G 	1.0 	8 	B 	B 	1.0 	[-1, 0] 	3 	0
335 	21 	10 	G 	G 	1.0 	8 	B 	B 	1.0 	[1, 0] 	6.5 	0
336 	21 	10 	G 	G 	1.0 	7 	B 	B 	1.0 	[-1, 0] 	6.5 	0
337 	21 	10 	G 	G 	1.0 	6 	B 	B 	1.0 	[-1, 0] 	1.5 	0
338 	21 	10 	G 	G 	1.0 	9 	B 	B 	1.0 	[-1, 0] 	3 	0
339 	21 	10 	G 	B 	0.0 	9 	B 	G 	0.0 	[1, 0] 	6.5 	0
340 	21 	10 	B 	G 	0.0 	10 	G 	B 	0.0 	[-1, 0] 	6.5 	0
341 	21 	10 	G 	G 	1.0 	6 	B 	B 	1.0 	[-1, 0] 	9 	0
342 	21 	10 	B 	B 	1.0 	11 	G 	G 	1.0 	[1, 0] 	9 	0
343 	21 	10 	B 	B 	1.0 	10 	G 	G 	1.0 	[1, 0] 	6.5 	0
344 	21 	10 	B 	G 	0.0 	11 	G 	B 	0.0 	[-1, 0] 	9 	0
345 	21 	10 	B 	B 	1.0 	14 	G 	G 	1.0 	[1, 0] 	3 	0
346 	21 	10 	G 	G 	1.0 	8 	B 	B 	1.0 	[-1, 0] 	6.5 	0
347 	21 	10 	B 	B 	1.0 	13 	G 	G 	1.0 	[-1, 0] 	9 	0
348 	21 	10 	B 	B 	1.0 	12 	G 	G 	1.0 	[1, 0] 	1.5 	0
349 	21 	10 	G 	G 	1.0 	8 	B 	B 	1.0 	[1, 0] 	1.5 	0
350 	21 	10 	B 	B 	1.0 	14 	G 	G 	1.0 	[1, 0] 	6.5 	0
351 	21 	10 	B 	G 	0.0 	10 	G 	B 	0.0 	[1, 0] 	3 	0
352 	21 	10 	G 	G 	1.0 	8 	B 	B 	1.0 	[-1, 0] 	9 	0
353 	21 	10 	B 	B 	1.0 	11 	G 	G 	1.0 	[-1, 0] 	6.5 	0
354 	21 	10 	B 	B 	1.0 	13 	G 	G 	1.0 	[-1, 0] 	3 	0
355 	21 	10 	G 	G 	1.0 	8 	B 	B 	1.0 	[1, 0] 	9 	0
356 	21 	10 	B 	G 	0.0 	11 	G 	B 	0.0 	[-1, 0] 	1.5 	0
357 	21 	10 	G 	G 	1.0 	6 	B 	B 	1.0 	[-1, 0] 	3 	0
358 	21 	10 	B 	G 	0.0 	14 	G 	B 	0.0 	[-1, 0] 	6.5 	0
359 	21 	10 	B 	B 	1.0 	11 	G 	G 	1.0 	[1, 0] 	6.5 	0
